-1.78468798335306	43.349502921526
-1.78445940000001	43.3497985
-1.77019340000001	43.3653837
-1.78639459999999	43.3681162
-1.7891532	43.3730735
-1.78792549999999	43.3771217
-1.78703680000001	43.3779345
-1.6675064	43.3881104
-1.60186820000001	43.4319104
-1.4454435	43.6466847
-1.31156079999999	44.1459008
-1.2554689	44.4532419
-1.25818210000001	44.5337633
-1.21135509999999	44.6002013
-1.1958454	44.6564475
-1.150725	44.6629023
-1.14636689999999	44.6393223
-1.1175068	44.6398464
-1.09709	44.657832
-1.035846	44.65115
-1.01863280000001	44.6686493
-1.16338689999999	44.7742528
-1.179123	44.758717
-1.16973700000001	44.748048
-1.2289119	44.7007186
-1.24509	44.6213067
-1.26110430000001	44.6332846
-1.160815	45.304626
-1.152456	45.483299
-1.08876020000001	45.5674912
-1.060879	45.5736713
-1.0387029	45.5346712
-1.06204970000001	45.5361822
-1.05176269999999	45.5275412
-1.0706007	45.5263222
-1.065629	45.51085
-0.931135000000003	45.4399135
-0.790199199999996	45.3249162
-0.72783780000001	45.3593408
-0.83376220000001	45.5017576
-0.929076599999991	45.5560584
-0.970180999999994	45.5611681
-1.0192534	45.6203283
-1.1151911	45.6465999
-1.20252510000001	45.6957218
-1.23078930000001	45.6902191
-1.21615379999999	45.6737335
-1.18435659999999	45.6753592
-1.21573089999999	45.669036
-1.2334216	45.6797539
-1.24373150000001	45.7839659
-1.1554183	45.8024533
-0.992303000000012	45.699009
-1.0038298	45.7130687
-0.961930400000006	45.7037699
-1.09919250000001	45.7689923
-1.16791130000001	45.8454177
-1.1551956	45.8620496
-1.08629149999999	45.8757715
-1.1003012	45.8850218
-1.0761299	45.9074008
-1.0769989	45.9365397
-1.11817660000001	45.9618976
-1.0716771	45.9492968
-1.0192535	45.9588809
-1.00147999999999	45.970849
-1.01011400000001	45.9326963
-0.981753399999992	45.9142843
-0.965125700000012	45.9160127
-1.00708300000001	45.932598
-0.992001500000003	45.9732605
-1.0721482	45.9557394
-1.12140180000001	46.0023536
-1.06089990000001	45.994153
-1.05674170000001	46.0341473
-1.09078929999999	46.052508
-1.1010425	46.0942871
-1.1431568	46.1064173
-1.12725629999999	46.1257193
-1.1742068	46.1385415
-1.15082599999999	46.157909
-1.20661559999999	46.1460635
-1.22674360000001	46.147627
-1.22101259999999	46.1491135
-1.22910659999999	46.1499943
-1.23178610000001	46.151858
-1.23366150000001	46.1544305
-1.2003231	46.2118311
-1.1188245	46.2635866
-1.13020899999999	46.304053
-1.18915900000001	46.306541
-1.2051647	46.2665368
-1.2515153	46.2925475
-1.28501679999999	46.2855689
-1.3523925	46.3401584
-1.4697023	46.3422385
-1.51488140000001	46.4037964
-1.65414299999999	46.4209795
-1.77716840000001	46.4928221
-1.81272309999999	46.4939278
-1.857732	46.610398
-1.940469	46.690448
-1.968359	46.693597
-2.021846	46.750165
-2.14929600000001	46.8144374
-2.15653099999999	46.8891338
-2.12676189999999	46.892448
-2.0581587	46.9508135
-2.02919910000001	47.0097464
-1.98126200000001	47.027568
-2.003532	47.060335
-2.1076567	47.1085528
-2.09893709999999	47.1152909
-2.24847980000001	47.1334439
-2.21440120000001	47.160867
-2.1775522	47.1567286
-2.1643273	47.175692
-2.1621546	47.2121169
-2.16556150000001	47.214853
-2.16733400000001	47.217828
-2.1714534	47.2212285
-2.1741742	47.2248782
-2.1823878	47.2326811
-2.1828307	47.2335944
-2.1622672	47.2693936
-2.17883489999999	47.2971855
-2.18096959999999	47.2843759
-2.2019863	47.2666516
-2.29827229999999	47.232701
-2.37261619999999	47.277605
-2.4144118	47.2774807
-2.4137974	47.2602161
-2.4324828	47.2574737
-2.54484489999999	47.2898298
-2.5235804	47.3082882
-2.49921220000001	47.2874049
-2.47726069999999	47.287826
-2.489067	47.2943108
-2.4856477	47.2960543
-2.47985250000001	47.2951262
-2.47407329999999	47.2951081
-2.47279030000001	47.2958457
-2.50069460000001	47.3017054
-2.47425490000001	47.3059726
-2.4793534	47.3161336
-2.51401519999999	47.3022464
-2.51028710000001	47.3459192
-2.55914889999999	47.374119
-2.46741919999999	47.4220017
-2.4305351	47.4157186
-2.4582014	47.4233864
-2.4462042	47.4357544
-2.4569466	47.4475812
-2.4809282	47.4396484
-2.50178699999999	47.456987
-2.48799040000001	47.4711368
-2.49857699999999	47.4951409
-2.44199769999999	47.499233
-2.52042629999999	47.5271134
-2.63230999999999	47.5037693
-2.58544519999999	47.5329397
-2.57594969999999	47.5448413
-2.57649539999999	47.5499212
-2.60344920000001	47.5311126
-2.6428884	47.5324841
-2.62089369999999	47.5273957
-2.6276258	47.5174436
-2.67557499999999	47.529258
-2.66306499999999	47.519497
-2.67504500000001	47.491937
-2.72551600000001	47.506992
-2.81566990000001	47.4860198
-2.91942369999999	47.5472017
-2.8807483	47.5642259
-2.8539606	47.5368363
-2.817631	47.542477
-2.82306699999999	47.556967
-2.799805	47.536944
-2.78760200000001	47.552885
-2.7806074	47.539774
-2.7303095	47.5432444
-2.71781399999999	47.5888301
-2.7088589	47.5766363
-2.68955229999999	47.5906577
-2.6868394	47.6312597
-2.70268	47.6324032
-2.68998580000001	47.6366281
-2.6911547	47.6385652
-2.7087868	47.6402406
-2.70189790000001	47.6202087
-2.71213919999999	47.6229667
-2.7173733	47.621653
-2.69573719999999	47.6099136
-2.71977219999999	47.5895996
-2.7209604	47.6033319
-2.7784052	47.6189016
-2.73300089999999	47.6145673
-2.75762970000001	47.6299991
-2.75804479999999	47.6540062
-2.76404059999999	47.6316297
-2.79458670000001	47.6376421
-2.78245519999999	47.6211023
-2.86998039999999	47.6208235
-2.85598590000001	47.6144258
-2.8623066	47.5969237
-2.88838649999999	47.603061
-2.9007623	47.5959349
-2.89042820000001	47.5817928
-2.9180287	47.5821604
-2.9307079	47.6060328
-2.93433489999999	47.5859048
-2.9508039	47.6062998
-2.93509170000001	47.6252502
-2.9620622	47.6351398
-2.9246432	47.6454868
-2.9193605	47.6676788
-2.96745130000001	47.6387198
-2.9698681	47.6689669
-2.9755194	47.6737664
-2.98063620000001	47.6749911
-2.97635329999999	47.6809549
-2.98376900000001	47.6842024
-2.98131429999999	47.6750546
-2.9705915	47.6686943
-2.9780342	47.6376152
-2.95439389999999	47.6198928
-2.9723734	47.6063611
-2.95422589999999	47.5957878
-2.9707209	47.5886128
-2.9283149	47.5534618
-2.97642089999999	47.5582258
-2.99497989999999	47.5905398
-2.98664689999999	47.5655358
-3.0078649	47.5681008
-3.0215269	47.6209258
-3.03606319999999	47.6385127
-3.0476151	47.6312397
-3.0268349	47.6155398
-3.01595189999999	47.5655089
-3.0407999	47.5792501
-3.09605380000001	47.5635475
-3.10616829999999	47.5773878
-3.09203650000001	47.5739328
-3.09045779999999	47.5796052
-3.1311819	47.5959696
-3.13096229999999	47.5749186
-3.1148454	47.576707
-3.13388570000001	47.5445978
-3.12683969999999	47.5134363
-3.0792746	47.4691161
-3.13582050000001	47.4735257
-3.1627199	47.5297768
-3.1352571	47.544676
-3.1556434	47.6012221
-3.27924	47.681986
-3.36045249999999	47.6862058
-3.32672049999999	47.7022325
-3.28016650000001	47.6869395
-3.30998170000001	47.7099111
-3.35247280000001	47.7028491
-3.36310850000001	47.7088588
-3.30306590000001	47.7653407
-3.32615709999999	47.7661596
-3.3243972	47.7470635
-3.36426860000001	47.726986
-3.3856321	47.7320585
-3.3665071	47.7172149
-3.38454350000001	47.7026717
-3.45200230000001	47.6951076
-3.53249889999999	47.7673327
-3.6772897	47.7757868
-3.72284350000001	47.7983039
-3.6545669	47.8235882
-3.69856820000001	47.8318142
-3.7342055	47.8037513
-3.74744330000001	47.8531813
-3.76234600000001	47.8367758
-3.74326380000001	47.7965627
-3.85618780000001	47.7899929
-3.902694	47.8337903
-3.88703259999999	47.8494136
-3.9211053	47.8548914
-3.8989268	47.8593012
-3.90548639999999	47.8770642
-3.92981190000001	47.8712746
-3.94698999999999	47.901129
-3.97280429999999	47.8933635
-3.9772501	47.9090688
-3.97814100000001	47.894842
-3.98224000000001	47.8924804
-3.99025169999999	47.9004984
-3.99382290000001	47.8987082
-3.98562819999999	47.8901794
-3.971176	47.8914956
-3.989161	47.882824
-3.97583600000001	47.85332
-4.0405021	47.8442311
-4.0891959	47.8623356
-4.07432360000001	47.8615094
-4.063025	47.8586059
-4.06255240000001	47.8585595
-4.0616837	47.8589365
-4.067721	47.8705278
-4.11161920000001	47.8715204
-4.1168621	47.8960654
-4.1414741	47.9004617
-4.1394349	47.9257515
-4.13268470000001	47.9248755
-4.1122947	47.9314395
-4.1085754	47.9422522
-4.10426190000001	47.9394617
-4.099268	47.942981
-4.09627189999999	47.9386207
-4.07924019999999	47.9366998
-4.07679580000001	47.9339945
-4.07203730000001	47.9327362
-4.06913599999999	47.9329437
-4.07839160000001	47.9379644
-4.09544360000001	47.9415661
-4.07508919999999	47.9483441
-4.0812383	47.9558954
-4.10972260000001	47.9423732
-4.09582820000001	47.9697622
-4.11563300000001	47.9841026
-4.10106530000001	47.9705151
-4.12278	47.953976
-4.11111809999999	47.9366173
-4.1411825	47.9263949
-4.1457125	47.8973438
-4.17633260000001	47.9071276
-4.13032840000001	47.8899202
-4.11317240000001	47.8623599
-4.16905670000001	47.8392865
-4.17177640000001	47.8747821
-4.19554250000001	47.8756535
-4.185298	47.838743
-4.15629799999999	47.830489
-4.15868139999999	47.8091815
-4.223162	47.791202
-4.37647729999999	47.7963868
-4.38147599999999	47.820306
-4.3458341	47.8410691
-4.3831582	47.9192927
-4.45068300000001	47.980877
-4.5376744	48.0117855
-4.5321218	48.0208678
-4.53010950000001	48.0357897
-4.4866908	48.0382893
-4.52984759999999	48.0374282
-4.54076650000001	48.0091971
-4.5667345	47.9990681
-4.63209000000001	48.028959
-4.65512240000001	48.0212848
-4.69814830000001	48.0258482
-4.71163249999999	48.0335702
-4.72673779999999	48.0325021
-4.74114130000001	48.0403919
-4.71171100000001	48.0443464
-4.71414900000001	48.065012
-4.5517085	48.076705
-4.4149362	48.1074223
-4.36218649999999	48.1090847
-4.3300563	48.0794275
-4.3289339	48.0810053
-4.3322905	48.0849338
-4.33164649999999	48.0879351
-4.3340473	48.0922867
-4.33348639999999	48.0923239
-4.33490300000001	48.0946746
-4.3355523	48.0967665
-4.33555979999999	48.097303
-4.33526489999999	48.0975048
-4.30560150000001	48.0889855
-4.2865515	48.1032022
-4.272132	48.1516605
-4.29516799999999	48.1583863
-4.29109159999999	48.1763596
-4.31581710000001	48.2037685
-4.3708895	48.2055303
-4.43224810000001	48.2377705
-4.4987168	48.2329349
-4.50931620000001	48.2005271
-4.55403389999999	48.16773
-4.55253529999999	48.2112696
-4.57429689999999	48.2348713
-4.5469618	48.2485449
-4.6224353	48.2525667
-4.61533660000001	48.2740159
-4.630948	48.2818366
-4.57038269999999	48.2818389
-4.5832224	48.3195336
-4.5332831	48.3420106
-4.56009040000001	48.305111
-4.5358854	48.284059
-4.50589930000001	48.3110113
-4.51826569999999	48.2945744
-4.5035069	48.2812132
-4.41765509999999	48.2945148
-4.41024610000001	48.2766568
-4.38256	48.27532
-4.27372939999999	48.2964086
-4.26553190000001	48.2846529
-4.28451079999999	48.2882661
-4.2889693	48.2733426
-4.24351800000001	48.2490054
-4.21837000000001	48.258629
-4.21471140000001	48.2427165
-4.2060713	48.2383475
-4.1356368	48.235513
-4.11045890000001	48.2465825
-4.1185578	48.2166631
-4.11625460000001	48.2113774
-4.1092162	48.2060964
-4.09393620000001	48.2120998
-4.11724879999999	48.214486
-4.10799370000001	48.2451098
-4.11492600000001	48.2515015
-4.13798639999999	48.2374484
-4.21611080000001	48.2609656
-4.23943409999999	48.2539338
-4.2794701	48.2780702
-4.1810227	48.2959288
-4.2824043	48.3130962
-4.242633	48.3283804
-4.33647660000001	48.3148112
-4.30256110000001	48.3310384
-4.3228386	48.3331386
-4.2783263	48.3443421
-4.29257249999999	48.3502091
-4.2673403	48.3545977
-4.26214399999999	48.3583621
-4.26141599999999	48.3614282
-4.33016590000001	48.3388407
-4.3186081	48.362171
-4.3554752	48.3428516
-4.35348399999999	48.3480257
-4.34646769999999	48.3519205
-4.34242329999999	48.3552344
-4.3401248	48.3582155
-4.34052320000001	48.3584117
-4.36647870000001	48.3446305
-4.37807460000001	48.324962
-4.41824579999999	48.324373
-4.3906871	48.3419366
-4.39769769999999	48.3423118
-4.45956740000001	48.3269297
-4.4080007	48.3815674
-4.3414577	48.4037921
-4.28175449999999	48.4311623
-4.27358509999999	48.4441606
-4.27074329999999	48.4434302
-4.2701938	48.4446735
-4.25147900000001	48.4486916
-4.2495214	48.4502346
-4.27390459999999	48.4443984
-4.3460577	48.4062963
-4.40134669999999	48.3894239
-4.4292472	48.3971464
-4.4376631	48.3823361
-4.48965219999999	48.3770398
-4.4981541	48.3952363
-4.50623409999999	48.3964985
-4.49671479999999	48.3762541
-4.61483100000001	48.336117
-4.68070209999999	48.3559864
-4.71006239999999	48.3307572
-4.77178379999999	48.3295338
-4.78298449999999	48.3596509
-4.75081470000001	48.3599306
-4.74630140000001	48.36705
-4.79001650000001	48.3619153
-4.76048499999999	48.3742993
-4.7953684	48.4146826
-4.77115300000001	48.4633004
-4.71668589999999	48.4719842
-4.7635689	48.4721007
-4.7779368	48.5165649
-4.75808560000001	48.5207809
-4.75299649999999	48.5439447
-4.7222298	48.5593372
-4.70411639999999	48.5503757
-4.70498010000001	48.5696143
-4.6703832	48.5761664
-4.51495110000001	48.5500057
-4.61248759999999	48.5783845
-4.59764989999999	48.6085159
-4.59411240000001	48.5933848
-4.5424616	48.5985678
-4.521597	48.584464
-4.50232799999999	48.5873418
-4.49000399999999	48.574621
-4.48152830000001	48.5730638
-4.497002	48.589145
-4.56834499999999	48.608964
-4.54485600000001	48.637486
-4.475605	48.624163
-4.44947729999999	48.6435895
-4.4079545	48.6383939
-4.4357968	48.6560436
-4.34672229999999	48.6783457
-4.29603099999999	48.664913
-4.3150372	48.6464759
-4.2965138	48.6325732
-4.27540489999999	48.649963
-4.19447089999999	48.6518494
-4.2228233	48.6593418
-4.18805530000001	48.6863309
-4.13341499999999	48.697395
-4.05993409999999	48.676214
-4.06989060000001	48.6877771
-4.05436819999999	48.6853771
-4.04033600000001	48.6888084
-4.0568554	48.6870956
-4.05306740000001	48.7062535
-4.00688940000001	48.727484
-4.00074680000001	48.7115522
-3.9895492	48.7279597
-3.96965400000001	48.7274011
-3.9613369	48.7202392
-3.9762766	48.6999465
-3.95776690000001	48.6883908
-3.97181990000001	48.6746315
-3.9502966	48.672753
-3.9585002	48.6136638
-3.9339976	48.5989881
-3.95207269999999	48.6480204
-3.93011140000001	48.6580238
-3.9230516	48.6759408
-3.9212139	48.6765072
-3.89053239999999	48.6708057
-3.90505460000001	48.6577015
-3.85912300000001	48.6316114
-3.862267	48.6132662
-3.85093920000001	48.6051646
-3.84599350000001	48.6270406
-3.81109279999999	48.6292564
-3.84835200000001	48.628313
-3.86493500000001	48.670752
-3.84611430000001	48.6605601
-3.85491699999999	48.6893867
-3.83124580000001	48.7142642
-3.8281099	48.704255
-3.8213044	48.7008929
-3.81967240000001	48.700662
-3.82349070000001	48.7198312
-3.680496	48.686474
-3.6442093	48.6968767
-3.65472709999999	48.6821637
-3.63908310000001	48.6734829
-3.6551066	48.6655005
-3.6594377	48.659232
-3.6350394	48.6709257
-3.62373420000001	48.6866702
-3.60986830000001	48.6697198
-3.57331390000001	48.6750099
-3.58427719999999	48.7249295
-3.53595389999999	48.7281491
-3.56247560000001	48.7594121
-3.58479719999999	48.7574479
-3.58452880000001	48.7903497
-3.53520940000001	48.8018234
-3.5417088	48.8229327
-3.519013	48.8188676
-3.52571770000001	48.8301459
-3.5050516	48.8405514
-3.50282140000001	48.824019
-3.4762355	48.8376205
-3.45889560000001	48.8162487
-3.42807459999999	48.821571
-3.44314620000001	48.8033876
-3.4403821	48.7981554
-3.4301	48.7971585
-3.3197227	48.838566
-3.2635614	48.8344948
-3.22460910000001	48.8698036
-3.2029011	48.8243688
-3.25204989999999	48.7886368
-3.22685219999999	48.7920081
-3.22260090000001	48.7771951
-3.26641910000001	48.7517161
-3.2691274	48.7482194
-3.26807670000001	48.748344
-3.26620219999999	48.7462826
-3.2643111	48.7451059
-3.2628238	48.7445768
-3.2207046	48.7717977
-3.1991772	48.764372
-3.22202180000001	48.7747828
-3.22369799999999	48.7963848
-3.1825374	48.8435095
-3.0729347	48.8844729
-3.10151759999999	48.8667959
-3.08540699999999	48.8682726
-3.07629180000001	48.857926
-3.0933131	48.8610057
-3.08361909999999	48.8478094
-3.09961009999999	48.8307106
-3.0718913	48.8306395
-3.09861209999999	48.80484
-3.09895580000001	48.7833288
-3.12833729999999	48.7730268
-3.1238092	48.7580352
-3.14827360000001	48.7471573
-3.1514011	48.7347816
-3.1305024	48.7219962
-3.13818209999999	48.7147953
-3.1389288	48.7133249
-3.13707169999999	48.710329
-3.14173409999999	48.7112798
-3.15588330000001	48.7073692
-3.16086310000001	48.7047357
-3.16088999999999	48.703115
-3.1366591	48.710021
-3.12903359999999	48.7205884
-3.1318926	48.7265657
-3.12089520000001	48.7241772
-3.11428840000001	48.7255987
-3.11173700000001	48.721377
-3.10715699999999	48.7221593
-3.11390480000001	48.7262574
-3.12986929999999	48.7271488
-3.13425739999999	48.7339248
-3.1488481	48.7360603
-3.09934310000001	48.7683507
-3.0833593	48.8130541
-3.01287949999999	48.8212776
-3.01711109999999	48.8115301
-3.00215489999999	48.8035587
-3.00645320000001	48.7970885
-3.04560280000001	48.787965
-3.0444572	48.7794921
-3.01007260000001	48.7819199
-3.02802190000001	48.7789206
-3.03010330000001	48.7752091
-2.9803312	48.7616949
-2.95177739999999	48.7716928
-2.92852170000001	48.7544724
-2.9450351	48.720702
-2.8172581	48.6499861
-2.82148560000001	48.5942671
-2.7137063	48.5554643
-2.73839910000001	48.5272802
-2.7100749	48.532941
-2.6871306	48.4950078
-2.68138	48.5328839
-2.62032360000001	48.5184557
-2.63302670000001	48.5374969
-2.56388119999999	48.5760503
-2.55415850000001	48.5993774
-2.473153	48.6222584
-2.46812609999999	48.6354023
-2.47923240000001	48.6336506
-2.48828860000001	48.6454836
-2.43726539999999	48.6533408
-2.41291240000001	48.6345271
-2.4185237	48.6453843
-2.36135430000001	48.6564026
-2.318512	48.6885406
-2.30968099999999	48.670236
-2.2836484	48.6687562
-2.33762329999999	48.6201075
-2.31384	48.610677
-2.2425864	48.6448514
-2.25468300000001	48.6369299
-2.245556	48.6165894
-2.2100823	48.5873242
-2.219802	48.5721323
-2.2158948	48.5681701
-2.22139600000001	48.560592
-2.217153	48.553741
-2.19619209999999	48.6105531
-2.17890280000001	48.5763336
-2.15358780000001	48.5872986
-2.17239639999999	48.5963985
-2.1506759	48.618623
-2.12349100000001	48.602807
-2.14996099999999	48.6265713
-2.15040869999999	48.6350641
-2.04745249999999	48.6393781
-2.05479340000001	48.6270282
-2.0294469	48.6237735
-2.0357414	48.6002969
-2.0182278	48.6050397
-2.02747760000001	48.5974337
-1.99563059999999	48.5825099
-2.0133234	48.5709128
-1.97330989999999	48.5448826
-1.9961367	48.5226572
-1.97866519999999	48.5157772
-1.985431	48.51159
-1.9822	48.49951
-1.99451029999999	48.4979059
-2.00167030000001	48.4937785
-2.00216290000001	48.4919812
-2.00075040000001	48.4910928
-1.9767146	48.4985186
-1.967187	48.526298
-1.9606504	48.5266837
-1.95442340000001	48.5198905
-1.9497932	48.5200739
-1.94066650000001	48.5358914
-1.9699021	48.5354501
-1.96014399999999	48.549824
-1.98718770000001	48.5846136
-1.9567171	48.573284
-1.96141840000001	48.5924803
-2.01287200000001	48.598748
-2.00030469999999	48.615108
-2.01527800000001	48.614152
-2.03144139999999	48.6502279
-1.99460139999999	48.6624716
-1.9899954	48.6843804
-1.93700200000001	48.6841794
-1.9596356	48.6894371
-1.93668230000001	48.702526
-1.90584379999999	48.6903441
-1.842887	48.7138502
-1.83538980000001	48.680163
-1.86171200000001	48.668118
-1.8689232	48.639668
-1.83937469999999	48.6136522
-1.7687588	48.6022966
-1.54271350000001	48.6311691
-1.48887379999999	48.6161193
-1.4258012	48.6436765
-1.35366120000001	48.6319149
-1.39927340000001	48.6549043
-1.38675809999999	48.6759009
-1.44657010000001	48.6541927
-1.4511264	48.6710738
-1.50490599999999	48.684546
-1.52983859999999	48.7298597
-1.57119210000001	48.7436734
-1.57525869999999	48.8220598
-1.61442149999999	48.8340375
-1.585901	48.847873
-1.56343539999999	48.9274429
-1.55105429999999	48.937085
-1.5569584	48.9275346
-1.5482659	48.9149096
-1.54323940000001	48.9314487
-1.5483141	48.9397546
-1.56341	48.941434
-1.55774890000001	49.0262098
-1.53463150000001	49.0367676
-1.51503420000001	49.0285644
-1.51676400000001	49.024682
-1.5057688	49.0196422
-1.51454060000001	49.0292003
-1.53366910000001	49.0378388
-1.55587700000001	49.033767
-1.5777292	49.0156048
-1.57343659999999	48.9960147
-1.5976322	49.0274357
-1.61083300000001	49.09764
-1.59194960000001	49.1346535
-1.61454390000001	49.2186013
-1.59251779999999	49.2206347
-1.59158219999999	49.2219605
-1.5816838	49.2227383
-1.5801539	49.2233718
-1.60883350000001	49.2296604
-1.63069899999999	49.212735
-1.6806675	49.2830137
-1.66940870000001	49.2793633
-1.66224999999999	49.2839317
-1.68563599999999	49.2866235
-1.70859699999999	49.316951
-1.6794767	49.3312578
-1.69567729999999	49.3308655
-1.704037	49.341255
-1.71240300000001	49.343912
-1.71771	49.3314682
-1.7015081	49.3335892
-1.7035791	49.3290675
-1.72268000000001	49.325824
-1.7876765	49.3727853
-1.75718789999999	49.368316
-1.7580707	49.3730223
-1.809592	49.3728159
-1.84965100000001	49.507125
-1.88938999999999	49.534175
-1.84178999999999	49.572177
-1.85041100000001	49.631628
-1.872192	49.657038
-1.946369	49.674201
-1.94231100000001	49.726121
-1.58681929999999	49.6510109
-1.5074063	49.6614677
-1.47362320000001	49.6970664
-1.42099329999999	49.7053776
-1.2652187	49.696983
-1.2729054	49.6798213
-1.23950909999999	49.6545274
-1.22852890000001	49.6058013
-1.25742279999999	49.612559
-1.26049450000001	49.5865718
-1.2726688	49.5707001
-1.27141770000001	49.5846926
-1.29605770000001	49.5833675
-1.3064585	49.5389781
-1.16421309999999	49.4052616
-1.1775301	49.3651907
-1.13785039999999	49.3662252
-1.117881	49.3449949
-1.07775249999999	49.3886458
-0.963164599999995	49.3967227
-0.755529100000007	49.349117
-0.396812600000003	49.3332835
-0.228059600000008	49.2807693
-0.0897343000000048	49.2948999
0.0403704999999994	49.3453167
0.130618099999991	49.403396
0.223025300000007	49.4282617
0.364161800000001	49.4381138
0.1145166	49.4575974
0.0662477999999986	49.5102371
0.152770399999994	49.6443905
0.150493900000012	49.6641223
0.117760099999988	49.6638222
0.136807200000008	49.6704852
0.156911600000002	49.662211
0.164136499999998	49.6867398
0.205696799999999	49.714576
0.335589199999988	49.7465893
0.580094399999996	49.8517148
0.783126500000011	49.8739022
0.958272299999997	49.9190315
1.0254316	49.9162766
1.1928107	49.967253
1.44403829999999	50.1004693
1.4889714	50.1792004
1.53352800000001	50.211591
1.56873009999999	50.2168996
1.55758700000001	50.20856
1.58004899999999	50.191918
1.6467975	50.1769494
1.67048799999999	50.179746
1.651891	50.185853
1.674242	50.193288
1.631938	50.192541
1.664047	50.208038
1.62173410000001	50.2149824
1.58778700000001	50.25443
1.549091	50.258183
1.53962399999999	50.280109
1.55533500000001	50.362331
1.629916	50.367591
1.55321570000001	50.3991976
1.582128	50.531601
1.609517	50.539905
1.5758799	50.5699609
1.56019819999999	50.6987519
1.56264199999999	50.725668
1.59079039999999	50.7306292
1.6064411	50.7682125
1.58209399999999	50.8714565
1.64154480000001	50.8790118
1.7247935	50.93663
1.84075989999999	50.9733271
2.09339270000001	51.016342
2.10791169999999	51.0043141
2.16323929999999	51.0442063
2.20896989999999	51.0322882
2.3442992	51.058037
2.37807549999999	51.0400361
2.36647510000001	51.0516405
2.50181940000001	51.0766102
2.54485486837322	51.0898419902773
2.56281930475053	51.0649137725967
2.57600890874114	51.0138652980769
2.57096594639915	51.0105418735464
2.57397251782357	51.0032865162281
2.59253198108806	50.9930898035039
2.60676515794424	50.9911500029215
2.61015315403829	50.9852981070026
2.60668071630753	50.9820080954878
2.63291170226688	50.9460620838721
2.61794541030733	50.9414935674017
2.61780599177524	50.9347297947307
2.5903081117707	50.9189262764762
2.59447629468901	50.9143287009076
2.60379047671241	50.9165747622374
2.60798542942619	50.9101228070801
2.60410327009434	50.9045868870581
2.60951148743085	50.8945389911946
2.60424376660477	50.8863995762937
2.6103975856271	50.8799656000307
2.60604165481441	50.8739194915052
2.61287567816988	50.86748078705
2.59900200709041	50.8490572817214
2.61670519622608	50.8479422780778
2.61622091445641	50.84002061215
2.62549377397673	50.8367145853991
2.63513521225813	50.8128914731352
2.65600388479198	50.8134698022248
2.66938833336772	50.822743771743
2.67888406491004	50.8133741051193
2.71298492157897	50.8153272862041
2.72408306792509	50.8105645754996
2.72130116515323	50.8022892829642
2.73051159176131	50.7879537939257
2.73838092348173	50.7804474930006
2.76196637092934	50.7710829765264
2.7564698492004	50.7626425010507
2.76242711683857	50.7634614626763
2.76594680595327	50.7546271938766
2.78290771716968	50.7514890933638
2.78159590736028	50.7434173616851
2.79038277831189	50.7316309120429
2.79009199365442	50.7257683062485
2.81921636331239	50.7155057720341
2.84797413050291	50.722966874723
2.86978998667234	50.7031794918616
2.88530263398768	50.706490873565
2.90571343522122	50.6923658793255
2.91078900640802	50.6943026065179
2.91015299918687	50.7032395715853
2.92192308536552	50.7027443667166
2.92876609187382	50.7090754718945
2.93147262599335	50.727941117271
2.94472421373857	50.7321710711989
2.93769786108077	50.7442225056224
2.95145106808064	50.7520790945977
2.97246409988065	50.75033140533
3.01250407821901	50.7693725847039
3.01506769037683	50.7739564030756
3.03360550424298	50.7697861841545
3.05526550271061	50.7804447666048
3.08755535576676	50.773059910665
3.10500513016078	50.7820997732279
3.11249070159182	50.7945912009585
3.12565425443919	50.7864899883155
3.15039394719537	50.7900717017897
3.151003004958	50.7836056886118
3.17113649626333	50.7587275039429
3.18022268586762	50.7552330681083
3.18794577185978	50.7402142137587
3.20001472753345	50.7345639013443
3.19122794641337	50.7255862768616
3.20977115017122	50.7174653748858
3.20493704613279	50.712020510378
3.24514716538596	50.7130317083218
3.25078939385398	50.7053685970944
3.26103782377286	50.7013090168086
3.25851059338405	50.6960769116754
3.26146721847867	50.6914308907315
3.25279245727451	50.68975116508
3.26522810524717	50.6770412118937
3.2411325045497	50.6688069104235
3.24009090797776	50.6585473953802
3.24958834631912	50.6474994091779
3.24402157633496	50.6406906800036
3.25917498736818	50.6296766156498
3.25528016179083	50.622719691613
3.27005232781747	50.6118544735416
3.27450743263754	50.5968915050319
3.27953889654389	50.5959201153906
3.275655030413	50.5819653609739
3.28202902651147	50.5753064771056
3.27767561098157	50.5642909633976
3.28517860972912	50.5616506848048
3.27589200598495	50.5585295111421
3.28252265076009	50.5520300978546
3.27820885093422	50.5516858086802
3.28156792127613	50.5435813875675
3.27876517758968	50.5386026125881
3.28844739938497	50.5258667770407
3.32066242277795	50.5187441715201
3.32958449017983	50.5079892629291
3.36165569329582	50.5040222028374
3.37632706834759	50.4911316992797
3.39202647541051	50.4984997810129
3.39601571392422	50.496091711519
3.42894965903908	50.504713302892
3.43844467192917	50.5106543692683
3.43936301964413	50.5072406798171
3.4489051042551	50.5065876094852
3.45378565119372	50.5192345772433
3.47438878172959	50.5336788694837
3.5199233953348	50.5236169880352
3.51619682421015	50.5128962646869
3.49623311449352	50.498852572512
3.500683188748	50.4867414142976
3.52288963240296	50.4954072856049
3.53918650896134	50.4943577980373
3.5683554350574	50.5008924145488
3.58524493020872	50.4905344145119
3.60743762963983	50.4971875609325
3.63256126234845	50.4799294812226
3.63515317143772	50.4711320707384
3.64443312764878	50.4625416921888
3.65338421063434	50.4635678119882
3.66283367893952	50.4557850661141
3.65839133019649	50.4468295697084
3.66965449706031	50.4372248142548
3.66894069573555	50.4229247151094
3.67224595699194	50.4222553123642
3.6749402740236	50.4022838045138
3.67367131385325	50.388686111197
3.65726286653658	50.3685809856649
3.66712645818774	50.3609073793046
3.66475526516378	50.3477069997369
3.6773520708984	50.3402500627491
3.6747211749258	50.3329115126832
3.69382582573623	50.3218382132496
3.69267068211238	50.3187704171505
3.68388165520408	50.3204912086634
3.69539635034745	50.316713082997
3.69433687730136	50.3131969905142
3.70993603237857	50.3031647022075
3.72013469563071	50.3050200877858
3.71021855253542	50.3139757790897
3.71000008225833	50.3194709929009
3.72026531067302	50.3159470736811
3.72093563353803	50.3113289014537
3.73190379366254	50.3114814996156
3.72731412121292	50.3153143638529
3.73231701869324	50.3215485115466
3.7298055088219	50.330425280147
3.73382313409859	50.3299867625984
3.737068387894	50.3360516740643
3.73304645070394	50.3382071895044
3.73837615528462	50.3412665645657
3.73365227453155	50.3428461984712
3.74713499879937	50.3509916040833
3.76327817361264	50.3478967988572
3.76663427951411	50.3530524983406
3.79899168587963	50.3509360036943
3.80655541074039	50.3553188915298
3.81392986057078	50.3532156808891
3.81146030202321	50.34499561556
3.81525837904446	50.3448885855699
3.82346017725153	50.3470903623244
3.82434169403984	50.3534435738082
3.84578277307273	50.3532302967908
3.85644460768536	50.348533660794
3.85723566412456	50.3422049031375
3.87565696649835	50.3375899127178
3.88702882951155	50.3410442890669
3.89050845376459	50.3298361735804
3.88573759112216	50.3270105052425
3.9009217245381	50.3269555649645
3.96773850520244	50.349838083296
3.96748679725983	50.340678911064
3.9731750194704	50.3479673069449
3.98566259006648	50.3421370810347
3.99348368225613	50.3486898081774
4.01780961099245	50.3523404954254
4.01723441971603	50.3561830751784
4.02417884601991	50.3591717752813
4.03233186570705	50.3535665759201
4.0360217855681	50.3436775877744
4.0540086626705	50.3393212030104
4.05496626676337	50.3325452693325
4.06534378458858	50.3303857695778
4.07826048039587	50.3207143833198
4.07880009838705	50.3097758144106
4.0971558237451	50.3135270708478
4.10969118471429	50.3018595717819
4.11814307389646	50.3031474889029
4.12564158106759	50.2882782035422
4.12176642859495	50.2776734094176
4.1240600970099	50.2727588803929
4.13641947801493	50.2745827843396
4.13365688902167	50.2664842849048
4.13871539221808	50.2633245969306
4.13551541351299	50.2574077150104
4.16755858919212	50.2595261935501
4.16866109154032	50.2665380892039
4.16396640603398	50.2718486820973
4.14921867418306	50.2755900123515
4.15530970096703	50.2803165918134
4.15341218959239	50.2848539719632
4.16106044592138	50.2849782996769
4.16261596866736	50.2889550079775
4.17619050075722	50.2844587155875
4.17667559101065	50.275508488761
4.20805059978145	50.272979695448
4.22114049077552	50.2586460660891
4.22012979624936	50.2516697126205
4.18141043121018	50.2321760679755
4.17478427801146	50.2199586748144
4.16988585459868	50.2184074911385
4.17272084780384	50.2171256156301
4.15042232683225	50.2135577840955
4.15221976588425	50.2066833788921
4.160460101817	50.2023364059459
4.15611872371191	50.1833764719934
4.14804161166628	50.1743245767234
4.15576972822403	50.1720809114237
4.15527287004038	50.1629993110616
4.13744733036302	50.1516915650879
4.13564279462028	50.1427123666871
4.12712209448735	50.1356386118397
4.15438650234954	50.1278460859415
4.15696861980222	50.1352770686465
4.19950753159794	50.134150561078
4.19780369699855	50.1275458164718
4.20403001006431	50.115522375347
4.19666930445777	50.1064196603166
4.20735440543625	50.1052107738694
4.20157365675141	50.0998528652511
4.2251944079897	50.085621893754
4.23119335745705	50.0714023784124
4.21837691363546	50.0609007740086
4.19879965915405	50.0565809672585
4.19422121564548	50.0494302825272
4.17399780298021	50.045471609411
4.16222079977388	50.0492647891301
4.14430453025281	50.0308745092144
4.13606221802643	50.0207705978314
4.13605512133569	50.0133504795737
4.14487100787098	50.0084859627546
4.14233308753028	50.0056490820602
4.14759892189426	50.0058504064023
4.14518371142138	50.003881005885
4.16186237197551	50.0005589969238
4.16309728599659	49.9949888884794
4.15445603195253	49.9847383992626
4.14054561977794	49.978997891934
4.14361435462002	49.9764335681015
4.17282280658859	49.9772000662038
4.19707579212383	49.9677145150381
4.19745515066831	49.9545997689893
4.26914798669485	49.9654860097142
4.2898079805882	49.9636760063296
4.30952698922144	49.969555971775
4.32256998815768	49.9635979948847
4.33564595526486	49.9635359901424
4.35098271244757	49.9522262724584
4.38121659131296	49.9544410000853
4.39066138837866	49.9476930978972
4.41655568576952	49.9476621720024
4.44550892636586	49.9372153669763
4.48118731450524	49.9481449027253
4.51121691647501	49.9465150095927
4.51867095703958	49.9516797708128
4.52360216896022	49.9502753689692
4.54106460959975	49.9695228065315
4.56452105897257	49.9704566825158
4.5817900024999	49.9835749647169
4.63374397712542	49.9873259611762
4.67113895594122	49.9972520033168
4.69340998846511	49.9954120106963
4.68498783351885	50.0065974988268
4.6888443908651	50.0112520156725
4.68470136077474	50.0271269676224
4.70004000441955	50.0530050082613
4.69705095014317	50.0592120107736
4.68590698971756	50.0574790101887
4.67976395047863	50.0680499801016
4.68852602792841	50.0727029826657
4.69032400596957	50.0813039675115
4.70207396988586	50.0955589840767
4.75178503090999	50.1119911942017
4.75329545822871	50.1164933915488
4.74819248842574	50.1223227613352
4.75610251382853	50.12159348097
4.76216721997467	50.1364473669897
4.80645604994386	50.1526526956903
4.82496242277507	50.1692248136455
4.82410551982554	50.1611436852455
4.83243371099309	50.1531657167115
4.8776189697843	50.1537353115229
4.88140725516896	50.1412080701093
4.89711106397677	50.137918591481
4.88681960475578	50.1307879820942
4.87841406864227	50.1317768852732
4.8785067747796	50.1272472728069
4.86705738715738	50.1188106864611
4.87372037128275	50.1074847134278
4.86695291308984	50.0970493871953
4.87577796244103	50.0942705833201
4.87200961965567	50.0875564733683
4.85991784677378	50.093143975049
4.85964871151466	50.0992592914002
4.84968405939404	50.1011589784165
4.83788495763171	50.0935469844676
4.84681097762084	50.0838579714114
4.84066901636025	50.083156004258
4.8429510066765	50.0777899794491
4.83813298248166	50.0672400117031
4.81938397469221	50.0659269769911
4.81968500014392	50.0607830129164
4.82930101610278	50.0573039707078
4.82706996026314	50.0500289727656
4.84063101762374	50.0460619843802
4.8414889985516	50.0396649648811
4.82003201933818	50.0258819735238
4.8224350127232	50.0220220154711
4.81676996704695	50.0150749718024
4.82106202764295	50.0117640121388
4.81591198611909	50.0010640051215
4.81917296043197	49.9952160132331
4.80681402858458	49.9841799634342
4.79325297122399	49.9818610106758
4.79496902291124	49.9757909781686
4.79033398553977	49.9698289774844
4.79117112555304	49.9580025687932
4.84896639531355	49.9482408008763
4.85854827529161	49.9324121891572
4.88157640793696	49.9220952160718
4.88061943266479	49.9163566073365
4.89013070506152	49.9089348961325
4.87774096099988	49.9046457974323
4.87640848993895	49.9014401795781
4.88532238267174	49.902107484526
4.88762108165227	49.8985710623893
4.87785711316612	49.8945288964719
4.8693320112883	49.8836457769358
4.87174219119559	49.87936311297
4.86209671049541	49.8721032612612
4.86250265917231	49.8668985882622
4.84754247575669	49.8680606734156
4.85680365717833	49.841379460912
4.86732876820471	49.8420093031098
4.86917723156484	49.8230434720001
4.87639285925301	49.8192569016
4.86525806164329	49.8132919914353
4.86308746242227	49.8017673947621
4.85213816691872	49.7929380982887
4.86369876597311	49.7887528876853
4.87644505137101	49.793404110975
4.90484960099182	49.7855619051629
4.93079007178828	49.786935783491
4.9566734995642	49.8017578859864
4.96230360077589	49.7978237017341
4.96883596985895	49.8017861803867
4.99427518072687	49.8008997112874
5.00747646281618	49.7831132103091
5.01444676060025	49.7799932042134
5.0615576480345	49.7671140708883
5.06343422866303	49.7621698953054
5.08502945859867	49.7630056036194
5.08800557713496	49.766305588069
5.09438936487003	49.7634561791628
5.11885677826359	49.7385477813894
5.12504850619091	49.7270886110575
5.1228090061876	49.7170503970542
5.12582312346041	49.7124947757064
5.14087421638278	49.7135886029324
5.1437170249309	49.7091975778025
5.15308851946942	49.7185900029818
5.16603584782791	49.71175061524
5.16425610558701	49.6934303106544
5.19593941616332	49.6919459850302
5.20575126485412	49.6962399626975
5.21805126721887	49.6877052117071
5.23164277746759	49.6915514627956
5.2431253129238	49.6893081632598
5.24275260191241	49.6853674066254
5.25592729386931	49.6941431985356
5.26851125369537	49.6965704719736
5.33216856967393	49.6544917942312
5.31814029853407	49.6463981773463
5.30500854604775	49.6302947079635
5.31210676392828	49.6116528967747
5.34043540590757	49.6166809666404
5.33795057600017	49.6182371965685
5.34483292871792	49.6285967113895
5.35213865742908	49.6309857131317
5.36380516785547	49.6232091866192
5.398084968929	49.6158443684818
5.42840805050209	49.5960247132036
5.43766420135813	49.5699383917378
5.45708164555049	49.5670263626875
5.44773386653547	49.5542956152329
5.44140559468496	49.5524274791462
5.46563764947409	49.5390019668572
5.46726845104088	49.5259668836669
5.44750120287688	49.5179181657507
5.46571355711559	49.5090225180241
5.46512282498476	49.4987987988693
5.47137051795428	49.4970609829896
5.48370187152245	49.507481702758
5.51618737764748	49.5087865136542
5.54114805596355	49.515290099767
5.54586025861793	49.5239385884014
5.55602846898193	49.5292772605128
5.59309430507763	49.5220800796651
5.60227850087941	49.5156101735862
5.60360378541807	49.5086881101118
5.61096655714977	49.5059543140745
5.62131802383174	49.5190118782822
5.61554805493031	49.5272270036898
5.6199248266576	49.5326160978017
5.63293342011846	49.5395235823544
5.63366464875973	49.5443831762708
5.64341936459846	49.5469165976095
5.6426385489535	49.5504439924225
5.6607945788239	49.5536224044738
5.70496447184947	49.5388260923393
5.7337956313987	49.5455940940362
5.73816081485882	49.5387999763476
5.7471540288312	49.5394621989691
5.7576662041175	49.5429967770119
5.75831487758416	49.5614215112572
5.77442741984624	49.5632296977635
5.79252469989706	49.5516172863606
5.81852356118698	49.5464148781237
5.81857503465277	49.5463799650635
5.81806371359304	49.5458299790728
5.80812637025706	49.5425600108373
5.80855001574505	49.5409099635775
5.81263537399417	49.541892992048
5.81715964909111	49.5370179933083
5.83707601759226	49.5425829771527
5.83915903107308	49.5373150144261
5.84580800148002	49.5299029964853
5.83450899183636	49.5268000090897
5.83430300814172	49.5237199748527
5.83576771121247	49.5226800164088
5.83605768738619	49.5199619898428
5.83822056109576	49.5194899688889
5.84126468209906	49.5168899813502
5.84782597693427	49.5149499607158
5.85048094775648	49.5082859776328
5.85888100414675	49.5059200137812
5.86223396594473	49.5020519764562
5.86626237100483	49.4999120164518
5.8696880065093	49.4992800041474
5.8719233742623	49.5002629947435
5.87306396517855	49.4986300141803
5.87563126042903	49.4982569705315
5.88507650665238	49.4988329874703
5.88935661965509	49.4967539737168
5.89573861075959	49.4965319713229
5.90340995379139	49.4981230148458
5.90727800957328	49.500094973535
5.90767497509733	49.5021299749209
5.91322898900446	49.5019649937285
5.92001468299764	49.50020891298
5.92194525237474	49.5007276753944
5.92753852265978	49.498382699511
5.93055749083512	49.5006437823403
5.93241017627709	49.4995738707565
5.934140960335	49.5006178793098
5.94011835023553	49.5009622601461
5.94315411690669	49.5002316658328
5.94196843056318	49.4979961766766
5.94382246347807	49.4951791644061
5.94451479506754	49.4955840885378
5.94341831143175	49.4974024133131
5.94620802954658	49.4976035830379
5.95520196217119	49.4930949774069
5.96459771122238	49.4930040110091
5.96613095574931	49.4913440050184
5.97211265756321	49.4914129761235
5.9737987953515	49.4891099772054
5.96816833481369	49.4864500177967
5.9715786091268	49.4830929709851
5.9731044874684	49.4834629787388
5.97513773428248	49.4815560082183
5.97428702970842	49.4769479823506
5.9724139525095	49.4755299601835
5.96964839907581	49.4755059700753
5.97231100557794	49.474376962445
5.97278801099381	49.4709049637445
5.97194098951241	49.4695659845237
5.97362694763765	49.4685899666245
5.97400468921462	49.4654850157271
5.97577859240617	49.4627879827349
5.97931094776639	49.4609070070027
5.98143959566364	49.4612199630256
5.98258000691682	49.4635159831702
5.98731799121986	49.4626399758698
5.98806952178655	49.4612920126927
5.98572348159054	49.4557379805977
5.98235902135693	49.4570350034753
5.97929944933075	49.4552419823154
5.97908969271191	49.4526819697685
5.98197355426852	49.4510649801538
5.99793428124758	49.4564969755508
6.00123397294921	49.4565049753581
6.00784871754382	49.451636997276
6.01149938102696	49.4535179784402
6.01381865142749	49.452529961351
6.01559255461905	49.4539499924214
6.02174951774487	49.4549750030598
6.02669698917216	49.4541929767142
6.02807428616577	49.4557500096907
6.02928350836973	49.4550479962203
6.02592300072336	49.4518499763205
6.02725403447984	49.4482599848786
6.0325830204083	49.4495350132458
6.04177422306929	49.447853910115
6.05309497194283	49.4638999758346
6.05810739156516	49.4664399615998
6.06630901010917	49.464819981291
6.07223295025029	49.465610011535
6.07367133268323	49.4636460050464
6.07920648196939	49.4639169655576
6.08070559051552	49.4584659982087
6.08622933119757	49.4553569604663
6.09208095695833	49.4542850079415
6.09232134612836	49.4531399776823
6.1007750319411	49.4528899805232
6.10162932977629	49.4543000155554
6.10102269746493	49.4578629967081
6.0987834669562	49.4606300159001
6.09912698272085	49.4622229852882
6.09809302182883	49.4634740047719
6.09980961250525	49.4674640104626
6.10260202556594	49.4694020027331
6.10198003206321	49.4703829664322
6.1040629557125	49.4711569705208
6.1110782590923	49.4725529956946
6.11419101138331	49.4704860003392
6.12344931819603	49.4734650167462
6.1229989927441	49.4765169882709
6.1274776334246	49.4823269760162
6.12674900989765	49.4900250160482
6.12803836182495	49.4939199689815
6.13279530058048	49.4899939723476
6.14175599553957	49.4916799902469
6.1407680283901	49.4866699650752
6.1422366840481	49.4869000070458
6.15313531456963	49.491709982564
6.15280698033328	49.492739979936
6.1558549640923	49.4933929655711
6.157335297849	49.4914779792588
6.16183298281353	49.492669960407
6.16229435754345	49.4938350139881
6.15708350007486	49.4970629666997
6.15389061806051	49.5016329878112
6.15654558888273	49.50401298464
6.16362952355024	49.5045429654776
6.17497434727338	49.510306989468
6.17685901273947	49.5099749818261
6.17660326237808	49.5086100054402
6.17830853428192	49.5069579953435
6.18084142405703	49.5080100127439
6.19135862990891	49.5059779975963
6.19524572997483	49.5064240156717
6.19576073412721	49.5053600055911
6.20250133269313	49.5070099696759
6.21378138788429	49.5062869906716
6.21723037958614	49.5068979127132
6.21637150034299	49.5090140018209
6.21810336237925	49.5099640159695
6.22000302971057	49.5087700061384
6.22757528856653	49.5103569770714
6.236164080998	49.5081521660633
6.2406512556737	49.5149373046047
6.24176597510977	49.5140839718777
6.24164398389418	49.511962969339
6.24513438793063	49.5115100024996
6.24656495502059	49.5090369839
6.2570057142418	49.5097959697433
6.2580509939064	49.5075449929268
6.26271253157875	49.5066219983273
6.26329598735579	49.5039519650138
6.27185702184498	49.5047261969226
6.27985660928159	49.5032833692678
6.27983370224184	49.5014369684998
6.28153035031896	49.5008500143122
6.2794019719163	49.4985919748268
6.27958100615242	49.4945949941797
6.28254131433971	49.4930999954329
6.28825199443238	49.4944599782154
6.28961752349577	49.4937130076235
6.28855697247134	49.4915199920113
6.28565029370652	49.4921759697837
6.28438762174316	49.4914699851615
6.2862225205425	49.4881439773314
6.28947999142578	49.4870699993143
6.28754232535793	49.4861529794421
6.28880499732129	49.484844005067
6.29121203312509	49.4846800160646
6.29226881122533	49.4874899879807
6.29534697837789	49.4871249709412
6.29844472880365	49.488654989788
6.29946701159697	49.4880099939661
6.29529397777613	49.4819699744958
6.29640402597271	49.4801249874411
6.29897500431586	49.4803160144123
6.30544098789943	49.4771400139735
6.31296356992017	49.480398191383
6.3146039834605	49.4770699721314
6.31771296282731	49.4780539924623
6.32065000464874	49.4774200052366
6.32744396314254	49.4723659662378
6.32830239322804	49.4727329612549
6.32989699268888	49.4700620129637
6.33278848992541	49.469629965878
6.3340243920933	49.4669380066227
6.34264947646224	49.4691049777149
6.34725397111405	49.4658779837245
6.35285397876373	49.4673160177223
6.36445051042948	49.4595030009647
6.36889070321583	49.4598721943403
6.36627858203267	49.4677836966077
6.36772729509136	49.4694179981331
6.36827841151817	49.4693682605949
6.39417998526283	49.4641753137122
6.428027067864	49.4769468733512
6.55169148549563	49.424979808467
6.55746873075086	49.4195593975675
6.53855039053036	49.4120702144579
6.54099299961941	49.4011984078975
6.58669999992764	49.3851818772763
6.5832276520284	49.368515485578
6.60229987365708	49.3671104722151
6.5883338557664	49.3496021179817
6.57405297836863	49.3587521001995
6.5635817662593	49.3559035007073
6.56587947709302	49.3478543866893
6.57847286922956	49.3348621713118
6.59133898988636	49.3359047139773
6.58909535763275	49.3221255634751
6.61537871537316	49.3016258064405
6.67032165444353	49.2802649770561
6.66158293319114	49.2580484740901
6.69011486391924	49.249587489222
6.68478030843602	49.2416310159394
6.69577155526334	49.2152307994853
6.7231778071089	49.2190113874964
6.73151255597801	49.2059607687745
6.71128905348122	49.1883651614226
6.73855678510996	49.1636721923181
6.78258420533148	49.1682043133984
6.83417526058222	49.1512816044163
6.84738175290017	49.1571710891318
6.84451397118715	49.1730380677677
6.86194353348728	49.1789234974681
6.83783885980544	49.2133476149166
6.85915381537244	49.2227465685351
6.89261111897183	49.208827198
6.918805184173	49.2226514044546
6.93822981488763	49.2224476987292
6.95958375733797	49.2030952885577
6.9753344582036	49.2093795010409
7.0109133130095	49.1879495991194
7.03500810522321	49.191414312041
7.02776696538098	49.1704517175435
7.05203477311841	49.1129465164353
7.08966933262048	49.1304124018098
7.08030376696284	49.1489317958482
7.10144858161503	49.1560381684231
7.1134896895149	49.1520128121161
7.10418269401378	49.138411463921
7.12629310776487	49.1420039948301
7.13553578389164	49.1285770699421
7.15745063440538	49.1208268152945
7.1843720654921	49.1314603850395
7.19832173404461	49.1152078934729
7.20550466305643	49.1235529694922
7.24496504837348	49.1300152803847
7.28178043416796	49.124543074702
7.2935555509122	49.1149891631527
7.32578701347488	49.1433234631629
7.36268127135131	49.1432614072736
7.36532492340095	49.1720407088504
7.44579034716608	49.1842665711727
7.4355589852376	49.1801418627613
7.44187396202191	49.1723121625493
7.43337949269527	49.1652784942531
7.49397561968014	49.1694062033368
7.49598038989971	49.1551468064533
7.50597998648489	49.1509733129697
7.48944739199595	49.1364999056667
7.51558171923073	49.1209666805109
7.52856785480949	49.0971174021799
7.5632690555828	49.0802792661189
7.60048275437426	49.0833000062438
7.62952169424871	49.0735692002372
7.63332839509669	49.0541729846119
7.67470605472464	49.0450139860674
7.69786588039063	49.0499841608718
7.69591977015912	49.0578251860268
7.73224485547153	49.0554867837114
7.73210588609708	49.043968180693
7.75955265196195	49.0454666650032
7.79437135237442	49.0655987602244
7.86733970627288	49.0329620141407
7.88850338554604	49.049057803271
7.916946383061	49.040881274934
7.93397646455428	49.057922609711
7.96664549649186	49.0418702621296
7.97480166028249	49.0265763603028
8.00036052674626	49.0283160986968
8.04955218187312	49.0144569968196
8.0880056455882	48.9897002936353
8.1938851273933	48.9772257889487
8.19940931723299	48.9668923826355
8.2228787023459	48.9758829174867
8.23252184742634	48.9664471862928
8.19536662895987	48.9568699911074
8.1420943766549	48.898003916325
8.0889997212816	48.8035620704584
8.06679705055083	48.7901846671756
8.03039956102652	48.7872537971243
8.01266609866578	48.7603130982487
7.97237450221633	48.7581730959699
7.96322794582496	48.7214855751988
7.8903446623839	48.662856703488
7.83939105165877	48.6409713608034
7.80077301658364	48.5852298920933
7.80472991574714	48.5125878636797
7.76798630534385	48.4892414172745
7.76317986941617	48.4511797914449
7.73259942051417	48.3956771075243
7.74426862588641	48.3267488804097
7.69354210926511	48.3016363728816
7.66653740435155	48.2215600930197
7.6434242012488	48.2064488623396
7.6003639970937	48.1572207173619
7.59792749654858	48.1344875154658
7.57807679489469	48.1219480090927
7.56890086359353	48.0345703648611
7.61009975847993	47.9988928707329
7.62189688394863	47.9724991970442
7.58323042967969	47.9311933854581
7.58118092335897	47.8970272907062
7.55657840334667	47.8780364055614
7.56288340883132	47.8430997837486
7.52981723170664	47.7809196941994
7.54841154960416	47.7319413834391
7.51174609263059	47.6977750898332
7.52159486207956	47.66357846723
7.56695538218271	47.6320869088276
7.59196915093207	47.6036017116473
7.58980996031516	47.5912336047929
7.58903875664375	47.589896867574
7.58824805953067	47.5885161101352
7.58465336108973	47.575516301851
7.56650334993174	47.5776581129619
7.5568949696528	47.572466601438
7.55730019967746	47.5650334172941
7.49917488888157	47.5401124958059
7.50229851078751	47.5284045585873
7.51935365527722	47.5347177881342
7.53122489175686	47.5281588993515
7.5221862230311	47.5141961032472
7.51745928800606	47.5172811076278
7.50227820886209	47.5149065779696
7.49787035542597	47.5212475786472
7.49908245223883	47.5162781128075
7.50934875863186	47.5088848938129
7.51106741543344	47.4970269935339
7.48762075769722	47.4821347687805
7.47707399727249	47.4800727756007
7.4623835779367	47.4890522120126
7.4331411696504	47.4971679825738
7.42081601445769	47.480366561754
7.42939097283378	47.4829406871743
7.45582461872123	47.4707006878124
7.44576519433813	47.4619727697299
7.43002877668551	47.459491697398
7.42090404935553	47.4459441597534
7.40309297255424	47.4354814841754
7.38559900104824	47.431814015443
7.35474285918555	47.4339720886859
7.33021238405904	47.4417583184945
7.30250798137068	47.4386191746734
7.2926860715487	47.4333519114687
7.28183029066623	47.4347794140584
7.24651832533125	47.4203420615688
7.24576122520979	47.4265238884692
7.23903302339479	47.4285290945185
7.23087479347901	47.439395259226
7.19990411641759	47.435130267995
7.17021820987552	47.4429792688338
7.17829271680682	47.4585287782748
7.17750067222082	47.4680487190028
7.19090856682547	47.4885553034595
7.2029571307422	47.4913866966111
7.20097796250822	47.4942734132222
7.16227368916582	47.4900176070301
7.12797942521622	47.5039313095173
7.1125326244112	47.4951213890772
7.09424274556347	47.4954371839011
7.07485171184046	47.4881831956377
7.07207969053673	47.4923847650057
7.03693265588791	47.4975059784334
7.02150346206245	47.5044581112444
6.98296735334124	47.4945509749319
6.98864389745312	47.486888082036
6.98643529949558	47.4763205587897
6.99296668043183	47.4711216190814
6.99169942706052	47.4663892879726
7.00045368916732	47.4672197994898
6.99746571286929	47.4564783711064
7.00212608273177	47.4541577030457
6.99013770593908	47.4479686731768
6.97029257383995	47.4471131928701
6.96371007876404	47.4357771602012
6.94027231434913	47.4333273618773
6.93841028642821	47.4060861825218
6.91320140359914	47.404597102283
6.91774840607276	47.4031926759757
6.91544647315721	47.3971465698741
6.90936416003149	47.3960785864618
6.9134150229737	47.388078390458
6.88360694555299	47.3728592684409
6.87932593423499	47.3525796046711
6.90242063204289	47.3593555108656
6.92153606263673	47.3551349118964
6.97460089394259	47.3601277740771
6.99639968212162	47.3635956083
7.01547738347352	47.3729149942965
7.03407349800161	47.3696559669834
7.03479682146838	47.363333479614
7.04988851824159	47.3613968023423
7.05280903106179	47.3515643974257
7.0498341701669	47.3477181057168
7.06237069894596	47.3440341768976
7.0529323697503	47.3366180023219
7.05698386151321	47.3343682110659
7.04561460361434	47.3264815873518
7.00998355669044	47.3245151820091
7.01578325982777	47.3132902181039
7.00935716144282	47.302354299106
6.99638800402293	47.2956996892245
6.9508757584683	47.2919158021009
6.94079297788781	47.2863722735477
6.95193316538923	47.2698428613128
6.94734412176031	47.250500301736
6.95546111900456	47.242992509031
6.94282541621813	47.2377152690021
6.93966298709192	47.2310291035127
6.92780926776032	47.2284899975679
6.92134400282898	47.22050777257
6.88046050643883	47.2005176853738
6.87399775679029	47.1854492635546
6.84097604627217	47.1711994658845
6.84447210969491	47.1664313995806
6.85881425219505	47.1652609672888
6.84992775807842	47.156374759352
6.81589975477903	47.1360272825699
6.80792900326304	47.1352647003134
6.80609904519776	47.1307661041171
6.76580969453653	47.120731199016
6.74054870942097	47.109621603094
6.74666956027238	47.0993648903379
6.74299518126574	47.0918802860227
6.72595207420084	47.092137705825
6.70256308830586	47.081984184358
6.70756266201963	47.0794236931139
6.70651100431651	47.0743950898137
6.69151291199591	47.0666702998941
6.71917751931718	47.0511789848677
6.69654096230418	47.0372267879748
6.679021119318	47.0357011075503
6.65929330719498	47.0273403758492
6.64040838430305	47.0027992913626
6.61817049961314	46.991626676525
6.5931501731622	46.9916764927156
6.57188749954474	46.9820129984391
6.50483275516163	46.9656620808712
6.49650267753199	46.9741095166096
6.45353535917727	46.9387811110962
6.43265518820778	46.9286840922852
6.46454609944626	46.8902781678065
6.46019205509566	46.8512938967312
6.44315442775399	46.8327140733673
6.4408312047662	46.8158213871864
6.43127492677374	46.8122340915058
6.43476811558756	46.8013186981876
6.45847510509312	46.7885479158712
6.45239997848967	46.7739825026415
6.42986897352256	46.7564195616868
6.39534842395289	46.7484083762299
6.3883341087199	46.7433677005445
6.39199968423675	46.7388581591818
6.38490461045971	46.7313995019274
6.36779960947174	46.7291773128014
6.37136062108951	46.7291763891793
6.37186376748015	46.724115995397
6.36019725705376	46.7231412890447
6.34130460865039	46.7101474637326
6.27908378864266	46.6899946766308
6.26726941552051	46.6761434811138
6.22755049506469	46.648164280953
6.1995491093434	46.6343687956165
6.19626801276815	46.6280870703687
6.17899152339244	46.619956504233
6.17827188301833	46.6156436689509
6.12651032752666	46.5899377919938
6.11052660367633	46.5764782001496
6.15665877660853	46.5452978963787
6.14858732394919	46.5393587924681
6.15349652714537	46.5367992802171
6.14368899036794	46.5277476706635
6.13798612561823	46.5309939722908
6.11263135638702	46.5095962154684
6.09695368855398	46.4812348103711
6.07273367118966	46.4654380650649
6.07690068629811	46.4576284785408
6.07444217702853	46.4534892640758
6.08640746711842	46.4439337824772
6.06385777719339	46.4163952109651
6.09764467267052	46.4091535765469
6.10593621257447	46.3995180855651
6.11383482937315	46.3969031700909
6.11300352840923	46.4000403845675
6.14967230914935	46.3775338780367
6.15937429388089	46.3797117009216
6.17027624816897	46.3674093101259
6.15928122841746	46.3573120663631
6.15776091963061	46.3499540790348
6.13795603205622	46.3387421765351
6.13614260299216	46.328370174003
6.12032470814327	46.313281382474
6.11969121620491	46.294330763143
6.11408114742406	46.2947216130671
6.10235175492778	46.2849426992963
6.10328618248632	46.2786499001518
6.11351502913201	46.2725522855526
6.10990281354303	46.2705833695751
6.12001640633776	46.264766619218
6.12445291603145	46.2512552654608
6.10142801732112	46.2376755906337
6.08802389564066	46.2471510831714
6.073041434006	46.2413591835931
6.06040528206193	46.2450114666037
6.04611245707089	46.2314048926881
6.03365722582505	46.2385547744753
6.01304520196787	46.2310902111213
6.00148882499531	46.2205063150002
5.99015433189794	46.2217089637317
5.99278181427246	46.2152236714792
5.97456721424553	46.2150077926755
5.96925538613901	46.2066663765561
5.97334802074193	46.2025214927985
5.96375320502378	46.1972169730973
5.99033767804742	46.1877702977138
5.9949233979098	46.1818644691536
5.98759422316972	46.1703363903238
5.98203266341421	46.1732705013091
5.9642376664565	46.1446151955465
5.96625788769896	46.1378720042504
5.95591127191953	46.1323564971839
5.95739034803483	46.1285494834696
5.97672173362297	46.1331541985594
5.98351371582314	46.1429878725761
5.99411168021907	46.1445683918554
6.02846208887393	46.140436875755
6.03540391006349	46.1343321782984
6.04759880954	46.1422088616596
6.05229951375874	46.1513870586013
6.07493669959244	46.1488483999404
6.09182089468358	46.1519450835524
6.09850283326144	46.143818904988
6.13054978186477	46.1404047580231
6.17422218788599	46.1578077062788
6.18878378881004	46.1663857992793
6.18841799482635	46.1815829657227
6.19780817432278	46.1833874610644
6.20519825483911	46.1917612035907
6.23262471877857	46.2059590783046
6.24955796188422	46.2049886654544
6.27698002407878	46.215520293663
6.29573397260229	46.2260359194632
6.31028775818336	46.2439734668651
6.30570185865793	46.2513667054936
6.30976179458451	46.2562235688812
6.29500040834128	46.2560723865417
6.29490177332308	46.2646026671887
6.28417121759121	46.2542171701393
6.26679232027311	46.2476913633825
6.23816858172298	46.2759402848276
6.23792271282972	46.2820439170393
6.25293140527067	46.2905082068803
6.24862164786358	46.2942757075143
6.24891988853791	46.3018242673616
6.22082786280445	46.316359371446
6.2463888852249	46.3577779795587
6.28249990200511	46.3786108703705
6.29908001737258	46.3955191823808
6.31935741878642	46.4044632779597
6.41722186213203	46.4138888693482
6.50083300635909	46.4558328813366
6.64666685705598	46.4622218807632
6.74388864564733	46.4453737975338
6.81632241212021	46.427565111374
6.80193427587752	46.3888895686176
6.80572390873511	46.3788808898042
6.79267947249441	46.3675855996493
6.7717249210194	46.3611692615375
6.77220848413684	46.350377084895
6.78459481460039	46.3325940641771
6.79640029440123	46.3329997131525
6.79988108646414	46.3199993998342
6.8198053601398	46.3155470791253
6.83035364770051	46.306139816082
6.82986065227259	46.3003133725629
6.8474785912878	46.2898731884184
6.85808077776556	46.2913105046251
6.86499717663258	46.2810808712893
6.8589064193432	46.2738779170594
6.85542167469304	46.2552016824408
6.83980131937513	46.2482192139353
6.83074935558317	46.2344674131954
6.82122326098425	46.2323081629292
6.82173907362039	46.2233626714858
6.80384265686711	46.2048683029757
6.81255739310141	46.1814205066131
6.79170758518852	46.1628127778188
6.79037762941038	46.153555775561
6.79646874602588	46.1389453732564
6.80742918063896	46.1364423069837
6.81507249623389	46.1292701045189
6.83894360794185	46.1327455134467
6.8515708665646	46.126658205262
6.90000829617891	46.1239402740938
6.89307950056097	46.1138062159582
6.89313142318439	46.104714184023
6.88233618875207	46.0951792954921
6.89178951981298	46.0851230026148
6.88802351264736	46.0791199768513
6.89095974598504	46.0740907826205
6.88014941985594	46.0693632773635
6.87206664842402	46.0510052618259
6.88969662486404	46.0419677867959
6.89501734629187	46.0481491161379
6.90971180804645	46.0507609948546
6.92459850927182	46.0652410798451
6.93750640158933	46.0642703033267
6.93500468335459	46.0561303796329
6.95014965022414	46.0515922961529
6.96290024753541	46.0304300576137
6.98133053306204	46.0195688691654
6.98496376922867	46.0044529042488
7.01041690398349	45.9972674623817
7.01241951824638	45.987173170234
7.02343142632523	45.9789305578283
7.00854265897471	45.969006559487
7.0174072341984	45.9604225943742
7.03722092526258	45.9549180687549
7.03566755847328	45.9382529655554
7.04418547382883	45.9227825963698
7.04438238453911	45.9225460115502
7.04419957737879	45.9224464031654
7.00377664723481	45.8999395105157
6.99879315336463	45.8735549869441
6.94079881693716	45.8475447646496
6.88005904933836	45.8499394805215
6.86817065503679	45.8286246937972
6.81810197469805	45.8358763788701
6.80800670753511	45.7273540625489
6.84732614718408	45.6896740032342
6.90305286633985	45.6806606846441
6.91613359451803	45.6511760823275
7.0009683339936	45.6397708166487
6.97799203414014	45.5882143884842
6.99525765390092	45.5757034197236
7.00228598285234	45.5032813710238
7.05259217775221	45.4957633095255
7.04861668346234	45.4724469834199
7.10361891134146	45.4680215051849
7.11458698163445	45.4330789066696
7.18517363222012	45.4058231612998
7.1637349786385	45.3605341066414
7.10939498878682	45.3277093806077
7.13740293220969	45.2562140144745
7.0719992913188	45.2098731909051
7.04721701841815	45.2257280773378
6.96577081402581	45.207875806023
6.94724746303574	45.1704257854147
6.89159754983676	45.1670208050523
6.89439750874583	45.1373551184127
6.84779659489838	45.127325296322
6.76824439845108	45.1597649966774
6.74014958794024	45.1366709931333
6.68042105385677	45.1402969029891
6.62732091876024	45.1056682008542
6.66323861809131	45.0721210856775
6.67340503182474	45.0197641884618
6.74826514788003	45.0161651670321
6.73789400809334	44.9893385803665
6.76532702973437	44.9621249867354
6.74380797693481	44.9367629837382
6.76076655253148	44.933552588603
6.75120596262565	44.9061459589783
6.8645314899893	44.851410279399
6.90679991905297	44.8432821623042
6.93377075748032	44.8636300072718
7.02323756988692	44.8222895135131
7.0000792713569	44.7890465756167
7.02159122746571	44.771399087708
7.02844456459979	44.7296843847682
7.06577845797627	44.713603858693
7.07712858175959	44.680919564161
7.02372930767345	44.6912986110004
6.9629495650445	44.6782241145279
6.94792829618957	44.6538596085455
6.96842874928846	44.620260384032
6.93879844846248	44.6040924828647
6.93433121638608	44.5743719707871
6.85450665074463	44.5288607026477
6.87669809253435	44.4812689958109
6.94807696736909	44.4297010025596
6.89294232781709	44.4209720944288
6.88734501511327	44.3614235903313
6.92186161209569	44.351656995348
6.95760090601133	44.2952983036662
6.99607817508143	44.280084775166
7.00851400271714	44.2352416920958
7.18833022229699	44.2007618617685
7.28028994944855	44.1409612641882
7.34462809858095	44.1452066918945
7.35838992940754	44.1160364121502
7.39290320262342	44.1251486828395
7.42510241566739	44.1120766099331
7.42977401447093	44.1302259800652
7.56419899156492	44.1555109207443
7.61986426595525	44.149514788171
7.63109078155548	44.175622077134
7.68448412676075	44.1739612979299
7.66642601325632	44.1307510171561
7.71804428746017	44.0842970073527
7.71503942283479	44.0656269621927
7.70049246444987	44.0406977795314
7.6625268757656	44.0288364800205
7.67052053432134	43.9984063136377
7.65263354987853	43.9738598782571
7.56933681600091	43.9475630681894
7.56156117856463	43.8989884069115
7.49757867245321	43.8708041658263
7.52997201614383	43.7841937838562
7.52997200000001	43.7841938
7.49003089999999	43.767217
7.48688640000001	43.7490102
7.46199770000001	43.7604823
7.4390643	43.7492566
7.43906431033438	43.7492565641077
7.43859987230588	43.7498797861525
7.43842092790128	43.7504510854549
7.43865592717961	43.7509157650208
7.43863562525418	43.7512921911093
7.4376789194766	43.7518076723308
7.43690969209881	43.7519310912696
7.43678976700838	43.7515915912414
7.43758729131762	43.7511964138978
7.43596879667022	43.7499836119651
7.43487069606691	43.7498657047629
7.43248081808504	43.7492626677626
7.43188173162206	43.7488561188904
7.43065705839522	43.7490151048117
7.43043876778118	43.7482256868859
7.42980536567435	43.7480434022207
7.42928802590222	43.7468616857467
7.42877059629857	43.7465605746893
7.42860306049808	43.7460311606704
7.42862453023337	43.7451832967664
7.42813917048536	43.7445736580004
7.42805841194132	43.7439451927182
7.42701933065218	43.743226966416
7.42667671320282	43.7426480049758
7.42589131614991	43.7418677837624
7.42533696578808	43.7414544999318
7.42502066897654	43.7415939705635
7.42442616392151	43.7409046618703
7.42297259996028	43.7416728891205
7.42177227107764	43.7410796993932
7.42152487504839	43.7407437073747
7.42167525302695	43.7405762623192
7.42066231271258	43.7397050861661
7.41997788629761	43.7394128956614
7.41489836252355	43.7362410896149
7.41270072401248	43.734695398796
7.41257433105201	43.7342089139862
7.41281283375994	43.7339609642371
7.41269461546855	43.7334094995438
7.41310514555339	43.7327996110668
7.4129164095122	43.7316939938664
7.41251144898212	43.7315650157639
7.41180079176085	43.7316105832984
7.41053856895514	43.7310892808439
7.41001574945978	43.7307183750524
7.40903802310454	43.7295753943527
7.41852708495674	43.7247611889168
7.41659880000001	43.7233405
7.33815469999999	43.7121778
7.3340423	43.6899384
7.34984200000001	43.686695
7.33128900000001	43.674706
7.31468940000001	43.7066943
7.30425010000001	43.6850262
7.28417570000001	43.6981748
7.23939250000001	43.6870176
7.2125367	43.6476858
7.15677020000001	43.6533465
7.1216048	43.5868521
7.13295729999999	43.5906549
7.1384248	43.5459191
7.1194914	43.5426762
7.12150469999999	43.5597716
7.0969284	43.5710089
7.03857490000001	43.5351171
7.0164606	43.5510463
6.96273110000001	43.5420135
6.9369997	43.5174238
6.9567879	43.4973843
6.92363419999999	43.4734749
6.9238041	43.4506657
6.87855290000001	43.4252536
6.85341100000001	43.433525
6.8564068	43.4109909
6.74611180000001	43.4234705
6.71416450000001	43.3719294
6.7164417	43.3466881
6.68053680000001	43.3407432
6.6712572	43.3126333
6.58432560000001	43.2780275
6.59333309999999	43.2624606
6.6649572	43.2648823
6.67839710000001	43.278817
6.69785730000001	43.2664219
6.6644954	43.2411778
6.6645378	43.2116913
6.6811907	43.1998625
6.64296259999999	43.1871317
6.64690770000001	43.1675517
6.62080529999999	43.1578707
6.60013330000001	43.1832332
6.5618009	43.1888468
6.49408190000001	43.1504388
6.38640890000001	43.1448356
6.36011569999999	43.1202265
6.36454790000001	43.0864748
6.2754091	43.1209857
6.20127059999999	43.116073
6.15458510000001	43.0803439
6.1521854	43.0372517
6.17316729999999	43.0327925
6.15581839999999	43.0259756
6.09126190000001	43.0360095
6.1297148	43.0441605
6.12410519999999	43.0795888
6.0217492	43.0786401
6.00693830000001	43.1038656
5.9259098	43.1022472
5.93445190000001	43.1186849
5.9145388	43.1248595
5.8813861	43.1023265
5.9064497	43.1028654
5.8948786	43.081681
5.9342227	43.0865804
5.94656739999999	43.0675934
5.8907514	43.0783487
5.8595756	43.0459759
5.8300351	43.0493411
5.7934071	43.0698981
5.8094728	43.114075
5.76607419999999	43.1151091
5.7809496	43.1295418
5.77135610000001	43.1388397
5.6948295	43.1438623
5.68617979999999	43.1799759
5.62447540000001	43.1870463
5.60465760000001	43.1602863
5.53706030000001	43.2147393
5.50033239999999	43.1971443
5.33716600000001	43.2135964
5.37566350000001	43.2576531
5.34570819999999	43.2824809
5.373998	43.2943591
5.311584	43.3610284
5.229033	43.3287363
5.05248989999999	43.3245067
5.01880230000001	43.342232
5.0255313	43.3556727
4.98521720000001	43.3936594
5.00450749999999	43.4035018
4.98208330000001	43.3964248
4.9692527	43.425403
4.9325005	43.4332002
4.8928547	43.4046038
4.88484430000001	43.4137295
4.90564010000001	43.4301134
4.88213289999999	43.4197162
4.8604111	43.4541297
4.84988579999999	43.450807
4.87650210000001	43.4105814
4.8662777	43.4047505
4.8295716	43.42991
4.82390930000001	43.4244025
4.85655019999999	43.4039223
4.86019359999999	43.4011515
4.84136380000001	43.403956
4.8382727	43.3945115
4.87178630000001	43.390261
4.85008270000001	43.3849326
4.85497970000001	43.3713829
4.88295970000001	43.3552558
4.9178393	43.382915
4.85997960000001	43.3323994
4.65980850000001	43.3455344
4.55959659999999	43.3740645
4.55538200000001	43.3891378
4.5916894	43.4115702
4.5427963	43.4498384
4.19464379999999	43.4657945
4.1207694	43.4940323
4.1100815	43.5090347
4.13912	43.527833
4.1167297	43.5493594
3.98707729999999	43.5463259
3.8853463	43.5060481
3.7147003	43.398849
3.691937	43.4122752
3.70193310000001	43.3942041
3.64342329999999	43.3841092
3.50628799999999	43.2678336
3.40641660000001	43.288584
3.27555740000001	43.2367588
3.18174949999999	43.1703659
3.0839397	43.0588063
3.03916300000001	42.9405625
3.06057450000001	42.9174661
3.03949810000001	42.8091346
3.03644429999999	42.6293074
3.05477379999999	42.5396472
3.1411701	42.5157933
3.12284489999999	42.5054792
3.13638239999999	42.4982546
3.1276586	42.4873204
3.15511089999999	42.477208
3.174658	42.4351907
3.17465230474279	42.4351759123146
3.08528540287532	42.4258240861782
3.04055127801979	42.4745773668773
2.9674677601019	42.4652314883379
2.9473204347412	42.4813366757571
2.91835156345891	42.4562264702392
2.83906742429239	42.459408883009
2.77690185067464	42.4118975942913
2.73393075939573	42.424731498919
2.67413655846499	42.4051949978108
2.67124901381572	42.3868357166771
2.65148383177688	42.3857506114255
2.67169251207149	42.3407506751563
2.57115513159798	42.358499656849
2.53281099285299	42.3327551085569
2.48121984777072	42.3407708605024
2.43342660004665	42.3932985849528
2.25641456145771	42.4388061618414
2.20647191475333	42.4174336788734
2.13263156620857	42.4145402180885
2.08439733551153	42.3619941573638
2.01595918559089	42.3470703638404
1.96535466018517	42.3811538673197
1.93705036255007	42.453682173362
1.89117097553882	42.4477153825033
1.82347420522216	42.4865259959001
1.72588922776144	42.5036291813434
1.72588042427166	42.5041819086556
1.72581206247854	42.5053390704402
1.72567309310408	42.5082623764324
1.72648292433272	42.512630690302
1.72606619587241	42.515573784432
1.7224747313665	42.5182185905211
1.7274092670537	42.5185130983524
1.72801571970201	42.5196145109089
1.73023186350793	42.5206816740907
1.7321101509355	42.5229030073641
1.73150827969514	42.5249139969874
1.73301987482373	42.5281807654274
1.73351152277873	42.5321951909252
1.73426556862822	42.5326334111283
1.73467915298502	42.5339048942777
1.73438001399541	42.5367884728839
1.73353011790511	42.5385441186847
1.73452715803895	42.5404569777269
1.73433815250317	42.5415631659722
1.73567035406952	42.5433726843393
1.73534929618698	42.5441632566442
1.73615912741561	42.5448262177653
1.73566729979756	42.5498969061418
1.73892333337638	42.5551606045306
1.74816978242735	42.5630674939028
1.75320690571999	42.5642585651881
1.76383038226999	42.5653945012796
1.76968721825939	42.5649221729771
1.77130328745552	42.5663498651464
1.77365085478751	42.5664872140396
1.77547533312956	42.5679511915439
1.77667242807717	42.568135774121
1.78182309842173	42.5707209974978
1.78271916791764	42.5716954646711
1.78512548506921	42.5725071120955
1.78535796906474	42.5733855634866
1.78638366545615	42.5739722713617
1.7845512819396	42.5755421128158
1.78242443067292	42.5789196748699
1.77959653415851	42.5817915832265
1.76829617704193	42.5801410028392
1.7600986009167	42.5809221798161
1.7555042572276	42.5826267785092
1.75375936961972	42.5826689778314
1.75106379494667	42.5845204945791
1.74819942683172	42.5850815674425
1.74194553548674	42.587872504159
1.73710092115948	42.5878605993907
1.73371499119058	42.5887994818
1.7316026926315	42.5879590782109
1.72765378847404	42.5882686009578
1.72681458233561	42.5890617790498
1.72630326127589	42.5913993900524
1.72700286921917	42.591923101834
1.72702137451402	42.5968440846012
1.72767597686156	42.6010000955477
1.73021290905544	42.6004496797287
1.7329850201907	42.6035189595265
1.7338747116481	42.6075697965073
1.7384086885501	42.6117098861965
1.73611061839027	42.6156519716505
1.73616281050828	42.6179458148285
1.734754970795	42.6162575190248
1.73023392963309	42.6146173710823
1.72273730892405	42.6167282685432
1.71982883352866	42.615167265077
1.71549778604933	42.6145763172483
1.71330338147329	42.6149957790601
1.70545417201524	42.6191920927088
1.70085237230928	42.6223241704892
1.69857020232997	42.6228381038761
1.69255175942095	42.6221222976164
1.68902254816423	42.6238512838559
1.68344302210304	42.6249425094295
1.68047651554029	42.6247541952303
1.67848746583819	42.6225037667286
1.67464716799858	42.6222880132153
1.67295770644374	42.6211112708759
1.66769878910745	42.6216819956711
1.66513248200378	42.6204786023789
1.66390116124383	42.6189812194587
1.65536599823483	42.6224787145055
1.65508931712732	42.6244288578094
1.65315434600533	42.6263667782286
1.63913928010013	42.6290536187309
1.63709875693226	42.6307848578761
1.62770237906037	42.6267116039547
1.62226703260227	42.6275730981019
1.61958340552249	42.6261444945025
1.61427490118252	42.6289675644332
1.60254389171873	42.625559996219
1.60038443160724	42.6258771977665
1.59691064640355	42.6301285603932
1.59365640945529	42.6328769003596
1.58434330541024	42.6339380956338
1.58008178753391	42.6370925614272
1.57840247694177	42.6416754115624
1.57606497074097	42.642489782082
1.57561329781611	42.6463750100356
1.57469512976421	42.6471435953819
1.57284361213211	42.6469391600072
1.56845731826281	42.6482488826948
1.56531087914866	42.6520606782059
1.56236206939701	42.6533307182762
1.56062239201778	42.6534694611332
1.55814178419221	42.6520487857038
1.54929867870381	42.655935662868
1.54300166822519	42.653927112163
1.54170027887309	42.6530671059951
1.53842654848317	42.6524711002753
1.53629008524295	42.6506794149462
1.53342679510635	42.6497570581017
1.5317806323482	42.6508256957851
1.52835616465361	42.6518063103032
1.52219048786952	42.648664681835
1.52076899376393	42.6466506763672
1.51910181042814	42.6455195908667
1.51217606908216	42.6460261965484
1.5064888350184	42.6454307841242
1.4993565709886	42.6459370601493
1.49660682790391	42.6499709985365
1.49309576261593	42.6534489800643
1.48704866344935	42.6519239803636
1.47877733563929	42.651449797071
1.47811240266599	42.6466919733514
1.47702238690024	42.6456479771758
1.47695645055838	42.6445491192376
1.47809686181157	42.6435348885137
1.47686751734526	42.6406017927226
1.47002460066848	42.6356388650417
1.46801578803013	42.6309890158732
1.47110141119955	42.6294065590757
1.47131601872093	42.6282427736695
1.47058236462839	42.6260546686503
1.47093603135574	42.6248062146887
1.47355911198537	42.6220620132523
1.47500557925586	42.6180322809956
1.47754305043891	42.6146403109745
1.47660188551574	42.6130817012716
1.4748710116263	42.6124514634279
1.47487676084412	42.6116995726772
1.47287217028761	42.6100942129034
1.47048435843089	42.608963983598
1.4689752785851	42.6064629932436
1.46167610757551	42.6065020688908
1.45961806725959	42.6053001013419
1.45873789794421	42.603332299687
1.45616916538927	42.6020277810742
1.45411489799755	42.6025607928664
1.45095839775221	42.602368708135
1.44712501694029	42.6037335878962
1.44333304846296	42.6035278197388
1.44198862980875	42.6037199670173
1.44147111037357	42.6036273978587
1.41372673265506	42.6555554557114
1.38745613099169	42.6687125086319
1.38842855728675	42.6880697922732
1.35119015482497	42.7026078933323
1.35736220964757	42.7197376672975
1.2522170107557	42.7139457854054
1.22926092299614	42.7278331858007
1.1660747733841	42.7089543870651
1.07888644786414	42.7883379043104
0.985913331240567	42.7866239095821
0.960286282646734	42.8058542669246
0.926734925437097	42.7896289561961
0.858307285805275	42.8258155055133
0.708646522166509	42.8615225946561
0.660725983166681	42.8398387625714
0.669710752975388	42.8038334950068
0.64485329108546	42.7830854108745
0.66492560711994	42.7741023777625
0.639317872304715	42.7549967132023
0.663703000018253	42.7497018122383
0.684470432419585	42.7135539863751
0.668520664886986	42.6895879627206
0.597538306418657	42.705701775383
0.422378953271686	42.6905020693739
0.360415410761332	42.723971989123
0.295015093636993	42.6733841078695
0.263144035166302	42.6924208968538
0.260209059470027	42.7164596163242
0.176149655916184	42.7371487990514
-0.0166624908790194	42.6852031143034
-0.0621415885996668	42.6949855795671
-0.0684882759134996	42.7180885655707
-0.106650056655823	42.720877499844
-0.160638356073764	42.7978655681097
-0.188967537042229	42.7866336666771
-0.313703734639344	42.8493785159447
-0.394519501365287	42.7989696895166
-0.443416419247424	42.7962720022925
-0.505037883297586	42.8277144672519
-0.527637519552408	42.7934895575087
-0.56752640125998	42.7803710754655
-0.56630056022327	42.8034729113354
-0.597944344927079	42.8058486649281
-0.603199130013065	42.8324959056006
-0.678697499077719	42.8845450847145
-0.731976309084263	42.8967387761015
-0.718073532589587	42.9257673001691
-0.751676453096533	42.967162174653
-0.81018471569805	42.9513294194392
-0.908194147130512	42.9645304687708
-0.943455627146527	42.9532435880357
-1.11151200134197	43.0239979942223
-1.14166080974994	43.0076100769605
-1.16385943806193	43.0349339968224
-1.22927358924165	43.0554682186351
-1.26371095481601	43.0441803089506
-1.30981096806104	43.0691721029407
-1.27004246060154	43.1183420773288
-1.33231951514606	43.1078372065941
-1.35405640940201	43.0277610048576
-1.44135118528314	43.0462952967178
-1.47309800675003	43.0867741635835
-1.41429653403978	43.1285071786277
-1.40198503323939	43.1776564955093
-1.38301180595503	43.1890172707215
-1.37892411208618	43.2500788212719
-1.40650607440131	43.2709288971869
-1.53533275064466	43.294652270014
-1.56504318119399	43.2880368820442
-1.5751905506434	43.249932976306
-1.60878871007934	43.2518506559521
-1.63057725746413	43.2853124203524
-1.62403779169033	43.3060287743135
-1.66931602611345	43.3149030810694
-1.73026492151039	43.2957485970622
-1.73746105575689	43.3300838053614