6.02082622929586	50.754994663416
6.0183611623247	50.7633567991225
6.02764327449245	50.7741838609353
5.9799063511367	50.7951777060937
5.9748624006479	50.7980367067716
5.97574185131105	50.8023526987829
5.98551453345546	50.8105741684999
6.00369266188184	50.8014715120897
6.02502899735261	50.8141320140103
6.02210138784166	50.8168101099856
6.02635491071197	50.8200325892354
6.02527028483792	50.8278211829782
6.01631569842276	50.8338837092438
6.01894569608008	50.8462555710186
6.05507773343794	50.8572577147362
6.05669883319966	50.8510528102431
6.07417097564425	50.8465378653018
6.07729855013744	50.860755811321
6.08810240839649	50.8724269173598
6.07518167017042	50.8929525634491
6.08126461211683	50.9090664170534
6.0941489685739	50.9207022076941
6.05402293163132	50.9222473146458
6.05616047284988	50.9271524697355
6.0508709229624	50.9299053835935
6.01820171136177	50.9347013753451
6.01685289096267	50.9526426096094
6.00519850779261	50.9567765878341
6.01520708753063	50.9623644057382
6.02651175656058	50.9832719634372
5.98135722015208	50.9832172764678
5.96757580605229	50.9793958720371
5.95518507384384	50.9884170008704
5.89708563452813	50.9748649661624
5.89260995828806	50.9803127798869
5.9037255319507	50.9871976635162
5.90551749127946	51.0021719808612
5.89547666202274	51.0045304724994
5.89573959890641	51.0110190691716
5.87880788293674	51.0179629166041
5.87459972498828	51.0292053056551
5.87811528185268	51.0373552169442
5.86631528177507	51.051103481149
5.89200036153626	51.0531277922121
5.91320778876375	51.0668830044956
5.93812948019649	51.035117193153
5.95777833040604	51.0347261111405
5.9578300733664	51.0409811068647
5.9691978041293	51.0467722154045
5.96997835027967	51.0607038865663
5.99779351524256	51.0842456849385
6.01757486695651	51.0945725949971
6.03669200434939	51.0965942156194
6.06029335197753	51.115926370133
6.07588343407037	51.1191918833794
6.08090115375288	51.1259793636278
6.08699209070532	51.1245948958302
6.08442407680261	51.126018716276
6.09199597633245	51.1350475711942
6.11635792751166	51.1391433779894
6.12581116874104	51.1451058150403
6.16333891855583	51.1486971758056
6.16284852824223	51.1526711901355
6.17542188794793	51.1584639883981
6.13880179589622	51.1733391655702
6.18072428374398	51.186358484988
6.16517049358862	51.1944140765638
6.12240592499352	51.1813027670479
6.10008916822167	51.1698869882544
6.08219014635406	51.1716334983039
6.07314536908437	51.1827943814444
6.06798760204907	51.2205507883188
6.08602487463891	51.2226701917377
6.07266369242903	51.2425600895754
6.12450232337207	51.274728969222
6.12901096778307	51.285702396374
6.1538238732349	51.3074482058996
6.16855741170433	51.3329886639054
6.19423647275312	51.3348790090895
6.18988170975029	51.3394614017992
6.22638996154914	51.3603362104873
6.21442476129078	51.3896342883395
6.2266680799611	51.4002679724056
6.2052570046587	51.3995200627224
6.21476144985926	51.4338806742417
6.21393670659691	51.4462636758373
6.22059349234683	51.4466462917982
6.22355676497455	51.4749649089747
6.21276368649891	51.4913081784278
6.21202365436785	51.5133908638877
6.19992900687705	51.5273814031912
6.17690195221005	51.5385556989731
6.15703247576672	51.5665754833085
6.130560022659	51.5810875835958
6.12148551115341	51.5927444897728
6.09142392915952	51.6058486160484
6.09393409155794	51.6221539796571
6.10001218260182	51.6240784993258
6.11168255578393	51.6447298782175
6.10941215373485	51.6468664830131
6.11724761896905	51.650731068253
6.11808763359123	51.6559728754847
6.03234945843443	51.6740556660539
6.02824775084714	51.6896243817803
6.03111166980444	51.696428165256
6.02605388526026	51.7086880957741
6.04493916747831	51.7169134112531
6.03542439165197	51.7177742728163
6.02952219074072	51.7254847867772
5.99419675067647	51.7383093760903
5.95515515994488	51.738117568447
5.95198832907378	51.74894936389
5.97920979746539	51.7600526800816
5.99206711463241	51.7702458927484
5.98235991967222	51.7736969621996
5.99022682594136	51.7834012773946
5.97454852928762	51.7850619909706
5.9743919529336	51.7956230740826
5.97906534836771	51.7976506719523
5.94797798015088	51.8113713950601
5.94806125397772	51.8164380040941
5.95815086175436	51.8169312949536
5.94504480108517	51.823543969682
5.96297831825969	51.8369140012026
5.99442627023157	51.8309150627642
6.029153162822	51.8451231936017
6.03567061987135	51.8426380822504
6.0553046478787	51.8523540882831
6.05142365635672	51.8566611969126
6.05959616948553	51.8576275847491
6.06348560517118	51.8654511885959
6.10109770679115	51.8490106985806
6.16655991783857	51.8407215702274
6.16359736386307	51.8536799000317
6.16700036182237	51.8616215789926
6.14453915595283	51.86974450813
6.13712715654356	51.8858027147399
6.10344796906899	51.8924741873384
6.11788946523955	51.9016590853779
6.12567264852422	51.8982012909272
6.15622542931547	51.9052448622494
6.16563294629688	51.8985965157479
6.16976932885414	51.9012871117058
6.1910850929049	51.8916570709645
6.19142762052273	51.8873508733666
6.18201022207319	51.8857775973367
6.18354948531253	51.8825311795936
6.21017716730135	51.8690212733532
6.2618416149108	51.8681381113189
6.26982754795509	51.8740938774287
6.2797304858157	51.8741146753863
6.29900635551928	51.8678262104211
6.30620311858647	51.8490781770019
6.34720707905622	51.8506810927164
6.36000447859379	51.8460293942967
6.36294852727443	51.8354329925075
6.36795959942384	51.8333997109829
6.38222430714649	51.8347818128539
6.40720555688257	51.8280195013466
6.40295454929506	51.8365625845225
6.40814133191403	51.8358937140485
6.40237747155654	51.8445409712568
6.40895331909935	51.8533462035403
6.38798394542215	51.8619103893214
6.39056615270635	51.8739680911761
6.42736069758624	51.8658617896666
6.43232793194978	51.8594022932399
6.45113712686326	51.8652988070504
6.46190020160841	51.8563752934897
6.47250786780941	51.8538229992489
6.50029105274818	51.8622723704517
6.50115029131744	51.8681143152924
6.52457260470946	51.8736921699232
6.54415066767462	51.8846098166566
6.55242558874582	51.886191395062
6.56061112744624	51.8822192121628
6.58577994541364	51.8940819877105
6.63417380673667	51.9010053718858
6.68399401306783	51.9175765165739
6.69534620297631	51.9158682127535
6.69766727000741	51.9098701005013
6.72196957305176	51.8960633027302
6.75126435311912	51.9072398726332
6.75462530992312	51.9130913808258
6.77003581879067	51.916198896598
6.78894481653221	51.9296565708645
6.78597732182265	51.9311893154829
6.79399083314617	51.9352934742621
6.79727085174307	51.9425525148594
6.79887290722077	51.9587439711699
6.82852898969541	51.9641053964051
6.8327543054658	51.9729380774556
6.82660749330268	51.9935274005309
6.80779874754684	51.9949673617334
6.8114106038097	51.9980964751019
6.75297726070288	52.0284055907988
6.71413428748061	52.0400646980169
6.68785299586535	52.039856215517
6.68680690771699	52.0555188148194
6.6958738733742	52.064264988932
6.69466285453968	52.0698003723085
6.7354707127829	52.0746339733477
6.7476121625	52.0819248800054
6.75108702568203	52.0854767642318
6.74450147633415	52.0930903673843
6.75526500023695	52.0952413740901
6.76057242659858	52.118779880148
6.85547395664258	52.1204620858025
6.87345858795676	52.1302836679905
6.88045826065062	52.1560095136875
6.90572005424993	52.1699151812274
6.90806088421729	52.1759594786018
6.95124541520771	52.1810578705883
6.97408490164339	52.2054027758634
6.98531447151559	52.2253467163988
7.00347616077227	52.2285896675445
7.02639793288798	52.2257145151514
7.06128355778912	52.234711099157
7.06578959708579	52.2412350018915
7.04239477214147	52.2561439800069
7.02858425262647	52.2736270805435
7.0264536284356	52.2919677911876
7.0394930341107	52.3076268059796
7.03868338254513	52.312380085241
7.04742075632459	52.3152064038905
7.04717982816539	52.3237443979755
7.05623080381053	52.3379538772119
7.07225549083783	52.3518791753852
7.07208579908066	52.3734955867977
7.05872829996344	52.399410162578
7.03607404613935	52.4026625825692
7.02198980995728	52.4229842145444
7.01078251830413	52.429136593789
6.9939072165343	52.4654853898548
6.98762332145883	52.4697667869714
6.97753380351371	52.4656807715626
6.96178552809934	52.4436243642699
6.94165760634878	52.4354256874455
6.86181606254846	52.4513579797841
6.85254167589215	52.4499137993983
6.85429770260955	52.4597062963846
6.77458668402002	52.4596007103674
6.75273444608158	52.464110797563
6.69752416838265	52.4863232971688
6.7053325943268	52.5210076039498
6.68088000313543	52.5533173875549
6.71626428285078	52.5485247998373
6.7259734541046	52.5632550677138
6.75227253236249	52.5590389119362
6.76669210964012	52.5616369156697
6.71877157064029	52.5886359993376
6.72728885717514	52.6149278973585
6.71003320871402	52.6274932700099
6.75259826148451	52.6481107809033
6.76787932311961	52.6468510682619
6.78974566460801	52.6527969007159
6.81850298264088	52.6476940055073
6.83766243068364	52.6519526994163
6.85116482805618	52.6486051072355
6.87307797177088	52.6532677956693
6.91382169030282	52.646748765772
6.91932036798844	52.6398370979282
6.95355821773821	52.6389904113908
6.97598474863778	52.6462546909748
7.0395704688882	52.6327058737009
7.05572864556671	52.6434197982759
7.07155130148661	52.8104211849058
7.09273968443008	52.8381960982116
7.08725798490332	52.8498871892298
7.18151560255166	52.941584309724
7.2095623531948	53.0005066636404
7.21744542913906	53.0070372107009
7.21296822576301	53.0108775162555
7.19921942050803	53.0813861662436
7.20279354752896	53.1134105695246
7.18289882842615	53.1217649082945
7.18587288083728	53.1242258007712
7.18093654851952	53.1278334893702
7.17890231355863	53.1382857103139
7.18960124859249	53.1479615673846
7.19090048198791	53.1618397999009
7.20365485222337	53.1765641829973
7.22749847548364	53.1802784867682
7.20804276306018	53.1884764894277
7.21762275657615	53.1978172939072
7.20894951887692	53.2430669157539
7.20897669999999	53.2430896
7.234194	53.269998
7.23648899999999	53.286943
7.22903040000001	53.293997
7.24077200000001	53.3024351
7.2487017	53.3305033
7.0238998	53.3352346
6.9993107	53.3551276
6.99826109999999	53.3714746
7.011307	53.384866
7.01135610000001	53.4315253
7.0248721	53.4838347
7.04889419999999	53.5077038
7.03302649999999	53.5312801
7.03414	53.54558
7.0435634	53.5191214
7.050697	53.5165685
7.0576638	53.5218317
7.03986070000001	53.5348553
7.03986070000001	53.5381077
7.06358770000001	53.5251518
7.076687	53.5327573
7.0969601	53.5187046
7.13434290000001	53.5322484
7.1352233	53.5386707
7.08726640000001	53.5712791
7.14707710000001	53.6119368
7.1558201	53.6314617
7.15624759999999	53.6215718
7.22782620000001	53.6616265
7.289413	53.678948
7.36036200000001	53.6869394
7.35754349999999	53.6792926
7.36732980000001	53.6799727
7.3618139	53.6858469
7.48058520000001	53.6831906
7.51885300000001	53.670348
7.56899199999999	53.68031
7.5747602	53.6746265
7.5706338	53.6805579
7.7035109	53.7026821
7.70433279999999	53.7199815
7.70502899999999	53.7034409
7.70320230000001	53.6999611
7.72463500000001	53.699104
7.8829433	53.7169543
8.0092618	53.711727
8.03127750000001	53.705142
8.02002620000001	53.683558
8.04411999999999	53.640853
8.07147730000001	53.6467702
8.08673900000001	53.6436863
8.0812978	53.6423318
8.12218379999999	53.5980481
8.14953379999999	53.6018522
8.1555816	53.5858389
8.139259	53.5799291
8.16921100000001	53.5436541
8.15754270000001	53.531347
8.16470110000001	53.5291527
8.17103930000001	53.540567
8.16465520000001	53.5205706
8.15292300000001	53.5133028
8.0920629	53.5022346
8.06294110000001	53.506498
8.06480999999999	53.475137
8.09914600000001	53.445554
8.13686	53.4528929
8.1523181	53.4477355
8.19676710000001	53.4131725
8.18770240000001	53.4095261
8.1966656	53.4110528
8.19424270000001	53.4069441
8.19543270000001	53.4028299
8.2077268	53.3906935
8.21469729999999	53.3938642
8.1992408	53.4002518
8.19612780000001	53.4081724
8.258701	53.400666
8.291964	53.423925
8.29636299999999	53.4419066
8.31478500000001	53.458387
8.316449	53.51514
8.3092228	53.5227486
8.29903530000001	53.5257492
8.27466900000001	53.5191584
8.23828990000001	53.5193502
8.2240858	53.5206037
8.23124500000001	53.520643
8.242441	53.5813643
8.27462699999999	53.6050575
8.27110640000001	53.6093008
8.33077100000001	53.615387
8.38384079999999	53.5739088
8.46469299999999	53.552529
8.5041313	53.5499095
8.51800210000001	53.5583322
8.517006	53.548526
8.55010339999999	53.5380548
8.55529	53.5250863
8.50423000000001	53.5015355
8.477451	53.4676887
8.48387949999999	53.4664082
8.48397800000001	53.4282553
8.47636130000001	53.4080778
8.46865860000001	53.4088207
8.475951	53.407197
8.46930600000001	53.3871925
8.48573510000001	53.418818
8.4932489	53.367577
8.4836695	53.372612
8.49753950000001	53.3540812
8.48613620000001	53.3288326
8.481319	53.265293
8.47133170000001	53.2504057
8.4792474	53.2572263
8.4734657	53.2488399
8.4789786	53.2518588
8.47957069999999	53.2327452
8.49118620000001	53.2165744
8.47232990000001	53.2227171
8.52224649999999	53.1861541
8.5360765	53.1825098
8.52070389999999	53.1933093
8.57592399999999	53.1707303
8.6179979	53.1670218
8.63010940000001	53.1385498
8.64881310000001	53.1232227
8.716069	53.1164621
8.7411446	53.0949578
8.74096060000001	53.108965
8.76797529999999	53.0857027
8.7847983	53.0763664
8.77850669999999	53.0810679
8.8435205	53.0590544
8.86460540000002	53.0595606
8.77003710000001	53.0869163
8.76214300000001	53.0953353
8.78021999999999	53.086976
8.7596846	53.0974319
8.7507147	53.1031494
8.7476209	53.1062591
8.7736814	53.0977277
8.73872229999999	53.1165432
8.6456816	53.1300966
8.63220239999999	53.1414209
8.6251124	53.1656992
8.64051800000001	53.1593583
8.64672800000001	53.1605706
8.5233377	53.1955901
8.48483969999999	53.2365161
8.48744940000001	53.2589228
8.5023055	53.269338
8.50326540000001	53.2927968
8.52009810000001	53.3266673
8.52006230000001	53.3499096
8.50220999999999	53.379641
8.50759970000001	53.4202731
8.49787529999999	53.4443364
8.500018	53.457
8.5035252	53.458543
8.51017699999999	53.4627588
8.5116576	53.4630399
8.5138314	53.4647168
8.50056179999999	53.458538
8.5002987	53.4703072
8.50571470000001	53.4702961
8.5079248	53.4689422
8.50884749999999	53.4686995
8.5101768	53.4690955
8.501092	53.475193
8.52163199999999	53.500766
8.56333559999999	53.5105377
8.57664510000001	53.5390248
8.5077507	53.6038267
8.520972	53.6049192
8.48386	53.656493
8.483828	53.6943916
8.5173811	53.7376606
8.541313	53.786605
8.5530605	53.7880763
8.54355660000001	53.7901148
8.54283399999999	53.805824
8.56521099999999	53.838952
8.61501500000001	53.8822021
8.66463100000001	53.890888
8.68727089999999	53.8918882
8.68603870000001	53.8806855
8.71058310000001	53.8725067
8.70117730000001	53.8642477
8.71489370000001	53.8698101
8.7119058	53.8634666
8.77062839999999	53.8366868
8.89477270000001	53.8293858
8.89334090000001	53.8238469
8.8997742	53.824374
8.8963604	53.8300253
8.97960060000001	53.8405041
9.0070779	53.8370932
9.09870359999999	53.8645481
9.27156019999999	53.8587256
9.31345100000001	53.83657
9.2951445	53.8268662
9.31366629999999	53.8361617
9.3265999	53.8258005
9.35438770000001	53.7903892
9.34065779999999	53.7850906
9.35586479999999	53.7878971
9.40177529999999	53.7371555
9.4916904	53.6787039
9.53674450000001	53.6151981
9.5869128	53.5859343
9.6337927	53.5713966
9.6576326	53.5812572
9.55572500000001	53.6207613
9.57464500000001	53.6316708
9.5510984	53.651726
9.5534712	53.6711652
9.5236144	53.7130229
9.45687219999999	53.7324244
9.43096100000001	53.7495578
9.4088444	53.794755
9.40166520000001	53.7936192
9.39480650000001	53.8169508
9.40101080000001	53.8264617
9.38883879999999	53.8232249
9.3014508	53.8697362
9.21202220000001	53.8901024
9.093663	53.8887465
9.04600480000001	53.900491
9.0189888	53.8983607
9.02713729999999	53.9094589
9.01255309999999	53.8943955
8.97643090000001	53.8908438
8.911079	53.930132
8.8772902	53.9692592
8.87771700000001	53.983639
8.8324394	54.0235194
8.82627239999999	54.0224325
8.8048456	54.0239864
8.881453	54.045504
8.96322730000001	54.0347234
8.980475	54.044153
8.98569200000001	54.060803
8.95849909999999	54.0637665
8.97972830000001	54.06911
8.9449325	54.0907116
8.95038070000001	54.092256
8.92525900000001	54.132375
8.89287409999999	54.1331889
8.85830790000001	54.1191715
8.82685300000001	54.143929
8.807507	54.176174
8.81678	54.202316
8.84028190000001	54.2206282
8.8358685	54.2424973
8.8452926	54.2661093
8.83092570000001	54.2893059
8.781413	54.280765
8.740183	54.293875
8.70018400000001	54.284561
8.702994	54.289563
8.68396900000001	54.277772
8.69236699999999	54.276089
8.67402099999999	54.27143
8.686526	54.267236
8.64972600000001	54.272258
8.66468200000001	54.262823
8.64250899999999	54.271597
8.60274300000001	54.310919
8.60968899999999	54.294548
8.60423000000001	54.292994
8.62330160000001	54.2791326
8.583166	54.297533
8.58718599999999	54.333407
8.60580010000001	54.3591392
8.6348993	54.3379434
8.6456603	54.3384591
8.63902699999999	54.344587
8.648701	54.341286
8.64470200000001	54.347422
8.65169099999999	54.350516
8.68921869999999	54.3573572
8.67569	54.365439
8.68572589999999	54.3685115
8.68900090000002	54.3716533
8.63375699999999	54.370186
8.629982	54.3825338
8.64744200000001	54.385851
8.6464227	54.3925902
8.81486880000001	54.4118746
8.87119800000001	54.405123
8.91726600000001	54.422068
8.96379399999999	54.457438
9.00251540000001	54.462849
9.00656960000001	54.4768882
9.02358999999999	54.4722596
9.02539730000001	54.4724033
9.0036076	54.4789218
9.01604349999999	54.4882393
8.9863879	54.5231587
8.95556930000001	54.5112564
8.96352900000001	54.507769
8.958038	54.497522
8.936486	54.490597
8.9411248	54.4872825
8.9192486	54.4739652
8.92539620000001	54.4698108
8.91686889999999	54.4751684
8.91981500000001	54.465998
8.84188130000001	54.4606568
8.8068829	54.4707075
8.8193374	54.4864911
8.80930370000001	54.4902947
8.8063504	54.4987598
8.87174640000001	54.5283365
8.87808739999999	54.5453529
8.870379	54.563542
8.8910756	54.5928579
8.877631	54.603762
8.88636620000001	54.6074752
8.87419350000001	54.612747
8.87057599999999	54.602602
8.81360280000001	54.5971497
8.80868570000001	54.6037948
8.848313	54.616447
8.8264877	54.6319558
8.82728479999999	54.6460861
8.7515458	54.6811482
8.752242	54.6991235
8.73757859999999	54.7147602
8.68696309999999	54.730508
8.7030722	54.7346893
8.70668249999999	54.7471737
8.67673400000001	54.789981
8.6580496	54.7944969
8.649518	54.810651
8.60641900000001	54.842151
8.60882099999999	54.869051
8.596473	54.882713
8.5068603	54.881629
8.41232310000001	54.8470123
8.380068	54.857598
8.3638226	54.8760472
8.3452543	54.8733592
8.33973600000001	54.880564
8.33208630000001	54.8631438
8.2994158	54.8499165
8.29337700000001	54.826133
8.30065009999999	54.8038675
8.29183999999999	54.787193
8.297571	54.776213
8.30021199999999	54.7761948
8.2991836	54.7792533
8.29913679999999	54.7805742
8.301862	54.7815135
8.30053080000001	54.7637144
8.2938498	54.7575437
8.2987929	54.7433514
8.279364	54.752617
8.2969071	54.9085013
8.39871320000001	55.0535655
8.41757520000001	55.0583132
8.4639915	55.0458871
8.39549829999999	55.0457677
8.4015539	55.0346506
8.43650010000001	55.0392036
8.42696859999999	55.0302819
8.44121820000001	55.0167181
8.3796996	54.9967225
8.3529038	54.9681377
8.36194430000001	54.9580481
8.3620028	54.9102691
8.3758115	54.8944816
8.42239500000001	54.878168
8.4898037	54.8767187
8.50496450000001	54.8818179
8.51466179999999	54.8834795
8.59576629999999	54.8869419
8.626119	54.895486
8.637827	54.902949
8.636418	54.911396
8.63653459418988	54.9115262935072
8.6806724780526	54.9105063651385
8.72855456915827	54.8927262052879
8.77699136995188	54.8926454043833
8.82399365106828	54.9068168707691
8.85983355629574	54.8967604131594
8.89183972138516	54.9049473868664
8.94787770678688	54.9025487652848
9.04808648352945	54.8719774735571
9.14860625702339	54.8720810075729
9.24030286762823	54.8499568864507
9.2448990079479	54.843785294591
9.23542699192908	54.8311328125343
9.24909297251487	54.8103281926336
9.2842153933249	54.8096983713869
9.29481066277497	54.801783405571
9.29352077185851	54.8088974912951
9.3433268746397	54.8003106658828
9.34312286723868	54.807149892008
9.37386231794596	54.8211249989378
9.38283549948751	54.8391902921506
9.41119136041991	54.8421600925778
9.42040878992112	54.8319760960615
9.42034379999999	54.8319507
9.4389664	54.8080177
9.42826720000001	54.8013676
9.43702180000001	54.7882863
9.43855980000001	54.8033102
9.46591230000001	54.8230542
9.4984142	54.8226839
9.5172242	54.8388762
9.57194399999999	54.8570895
9.58934019999999	54.8762762
9.61327599999999	54.8772209
9.58985210000001	54.8509987
9.6046132	54.8307065
9.7917017	54.797868
9.8413957	54.7571441
9.87371950000001	54.7520493
9.89473019999999	54.7710384
9.9054648	54.7632619
9.89972480000001	54.7731162
9.90153199999999	54.787703
9.90666380000001	54.7979114
9.9086561	54.7994917
9.9098542	54.7999748
9.9571651	54.7797878
9.97686620000001	54.7572513
9.98937040000001	54.717638
10.036654	54.6866039
10.0337432	54.6635526
10.0433968	54.6595786
10.0171095	54.6637503
10.0143186	54.6601344
10.0419834	54.6588052
10.0317565	54.6507763
10.0288696	54.5815065
10.027183	54.5835598
10.0227434	54.58254
10.0227395	54.5814862
10.0263103	54.5821849
10.0279523	54.5813631
10.0288929	54.58049
10.0273061	54.551315
9.99551280000001	54.5194518
9.96231750000001	54.5014169
9.87222300000001	54.4749775
9.8702174	54.4718397
9.8630235	54.4699546
9.86988759999999	54.471825
9.85470840000001	54.4766726
9.85445600000001	54.4743523
9.84432480000001	54.4768357
9.83944780000001	54.4762596
9.8326592	54.4733616
9.84245260000001	54.4743967
9.84772490000001	54.4563312
9.86684400000001	54.4476021
9.93236220000002	54.4609625
9.9236796	54.4623058
10.1253261	54.485176
10.1989697	54.4558776
10.1688026	54.4342635
10.1884762	54.4119419
10.1938765	54.3905889
10.1646919	54.38621
10.1683923	54.3806537
10.1618977	54.3858855
10.1666942	54.3778508
10.1425913	54.3694411
10.1518992	54.3632326
10.1460292	54.3619433
10.1499706	54.3603082
10.1510764	54.3545869
10.1458053	54.3611335
10.1413278	54.3538758
10.1488309	54.3537523
10.1409226	54.3534045
10.1574013	54.3374868
10.1319038	54.3114115
10.1662205	54.3313005
10.1864116	54.3268664
10.1671947	54.3354382
10.1770693	54.3345333
10.1782495	54.3612164
10.1959827	54.3660768
10.1941519	54.3795412
10.2261021	54.4139181
10.2899181	54.4194541
10.2946026	54.425804
10.27595	54.4214536
10.3188182	54.4354244
10.3878952	54.4263965
10.4725292	54.3928217
10.5994583	54.363757
10.6391653	54.3475725
10.6846631	54.3103019
10.7071039	54.3049794
10.7901375	54.3123256
10.9305538	54.3817534
11.0223033	54.3804104
10.9799108	54.3757698
11.0238269	54.3676477
11.072247	54.3760775
11.1085751	54.3968052
11.1094814	54.3890905
11.1281445	54.3903913
11.1255215	54.3734916
11.077533	54.3453627
11.0816427	54.3530783
11.070361	54.3581241
11.0579988	54.3526872
11.0633969	54.3438671
11.0759982	54.346864
11.0929266	54.1982931
10.948906	54.1378249
10.8767383	54.0877686
10.822736	54.089298
10.8099529	54.1066004
10.8124334	54.0971684
10.7999786	54.0989586
10.8065844	54.091667
10.791904	54.075892
10.754688	54.0543754
10.752943	54.034707
10.7839942	53.9994156
10.8026065	53.9920071
10.8680586	53.9914653
10.8838846	53.9797529
10.8874819	53.9585899
10.9309796	53.9640716
11.0479702	54.0076305
11.1795318	54.0149029
11.213151	53.9860769
11.2601174	53.9834138
11.2460053	53.9730365
11.2412229	53.954677
11.2552541	53.9354264
11.2882824	53.9311969
11.3352618	53.9585972
11.3649108	53.9351035
11.407018	53.9350703
11.4041382	53.9210938
11.4347819	53.9102583
11.4357672	53.9003507
11.4600752	53.895321
11.4555557	53.9020054
11.4633103	53.9023017
11.4444152	53.910683
11.4819775	53.9282602
11.4834821	53.9672001
11.4702197	53.9653774
11.4884747	53.975491
11.4876407	53.9685183
11.4938839	53.9709346
11.4997966	53.9863438
11.4903785	53.9939194
11.5341358	54.020006
11.5180439	54.0299829
11.5296846	54.0339944
11.5449264	54.0248387
11.572449	54.0328715
11.5868934	54.0471359
11.5822319	54.0634232
11.6106242	54.0680031
11.6241673	54.0768454
11.6265735	54.0891756
11.6062676	54.1038139
11.5318976	54.0492541
11.5353237	54.072802
11.5250973	54.0703677
11.5535911	54.093299
11.6042808	54.1045149
11.6835617	54.153247
11.8519606	54.1451675
12.0114613	54.1781913
12.0628973	54.1781639
12.0908487	54.187231
12.1013903	54.1789009
12.118916	54.1815747
12.1911883	54.2398644
12.3381712	54.2981428
12.4060374	54.3766018
12.4611362	54.4135631
12.5016068	54.4751097
12.5126635	54.4838462
12.525835	54.4875338
12.5175447	54.4845569
12.529997	54.4820797
12.521155	54.4700602
12.5608932	54.4544376
12.6756675	54.441746
12.9183922	54.4453264
12.9267851	54.4277452
12.8752183	54.4135942
12.8323219	54.4227239
12.8023461	54.4085651
12.7875304	54.417259
12.7405445	54.4150068
12.7249008	54.4311361
12.6927349	54.4322484
12.6698735	54.4219675
12.6640312	54.4082388
12.6391129	54.4231991
12.6451383	54.4241787
12.6453311	54.4266482
12.6166053	54.4353488
12.6141339	54.4390387
12.6003055	54.4442012
12.5987312	54.4490882
12.5955985	54.4500154
12.5930765	54.4498416
12.5829766	54.4451025
12.5965486	54.4493742
12.6000951	54.4436712
12.6150375	54.4355411
12.6448853	54.425335
12.617056	54.4179185
12.6107859	54.4118677
12.6175184	54.4072634
12.5772632	54.4038745
12.5773585	54.3963359
12.597766	54.3917538
12.5922717	54.3836641
12.553656	54.389888
12.5172637	54.372616
12.4964278	54.3824887
12.4188452	54.3722619
12.4161888	54.3353418
12.3904053	54.3437759
12.3843265	54.3399193
12.3970173	54.3325684
12.3962349	54.3235044
12.3828129	54.3101175
12.3599595	54.3062103
12.3599491	54.2962295
12.3827736	54.27831
12.3640815	54.2656228
12.4158856	54.2468023
12.4595507	54.2481014
12.4175324	54.2587387
12.4095096	54.2801987
12.4345454	54.2965788
12.4787682	54.303958
12.473098	54.3297402
12.5355742	54.3385195
12.5388832	54.3523669
12.5532603	54.356558
12.5342619	54.3650374
12.5549781	54.3726427
12.5531882	54.3748832
12.5538761	54.3796581
12.5821082	54.3735294
12.5740986	54.358575
12.585514	54.3558744
12.5997014	54.3613945
12.5970221	54.3718597
12.6222531	54.3721638
12.671295	54.3908971
12.6584302	54.4043562
12.7071096	54.4119058
12.7149719	54.4039816
12.6886479	54.4001822
12.6935789	54.3857553
12.6762589	54.3706251
12.6881769	54.3686947
12.68245	54.37488
12.6963318	54.3849285
12.6997921	54.3985613
12.7153179	54.3988364
12.7196623	54.3715909
12.7372493	54.3696004
12.7439713	54.3841956
12.7548533	54.3709615
12.7679966	54.3711475
12.786311	54.3965822
12.7851749	54.3792504
12.8042597	54.3703447
12.8100174	54.3434633
12.8793143	54.3659561
12.8972892	54.4013086
12.9194179	54.4120092
12.987524	54.425199
13.004567	54.438077
13.028403	54.436999
13.03443	54.424345
13.023186	54.419994
13.023349	54.397528
13.047919	54.3788843
13.0814824	54.3801844
13.0940968	54.3660769
13.0753422	54.3454233
13.0874317	54.3203613
13.1023215	54.3185168
13.0946891	54.3175972
13.112013	54.3056505
13.1034267	54.2834851
13.1320151	54.2691471
13.1522094	54.2683888
13.1668431	54.2789611
13.1776769	54.2706413
13.1595596	54.2673447
13.1428757	54.2533633
13.1854748	54.2663498
13.2159633	54.2497724
13.2103445	54.2447565
13.215968	54.2410693
13.2902482	54.2345721
13.32631	54.1834
13.3473542	54.1805532
13.3163952	54.1601394
13.378276	54.177023
13.4063921	54.1691093
13.4072894	54.1623377
13.3800601	54.1518996
13.3830232	54.14286
13.4107619	54.1562285
13.4061354	54.1471739
13.4280392	54.1376555
13.4385688	54.1125045
13.4646953	54.0878756
13.5015207	54.0853072
13.4763231	54.1163022
13.4922387	54.1249892
13.6211159	54.1393634
13.643683	54.1551759
13.6591759	54.1451547
13.6448027	54.155777
13.6964459	54.1718721
13.7121439	54.1686766
13.717592	54.1634336
13.6954268	54.1581215
13.6967897	54.1487848
13.7328014	54.1351459
13.7495202	54.1396143
13.7625218	54.1276438
13.7522073	54.1217935
13.8037275	54.09815
13.7902273	54.0643629
13.7735992	54.0596119
13.78267	54.0475039
13.7439049	54.02887
13.7576349	54.02826
13.7595249	54.01573
13.79536	53.99611
13.8350941	53.9842
13.8547541	53.96467
13.8576112	53.9482904
13.88114	53.95057
13.9142062	53.9216227
13.8640985	53.900265
13.8472837	53.8781564
13.82414	53.87727
13.8248355	53.864872
13.8062874	53.8591867
13.8210888	53.8468902
13.81577	53.84338
13.87081	53.83468
13.8736866	53.82088
13.89891	53.80331
13.91658	53.80641
13.9703054	53.7721563
14.1034635	53.7400367
14.1626883	53.7433931
14.1796257	53.7335398
14.2288827	53.7615555
14.2501085	53.7584146
14.2726966	53.7374698
14.2146765	53.7034531
14.245687	53.6937587
14.2672882	53.6982549
14.267340391943	53.6982649984411
14.2837299979464	53.6825802727034
14.2706704700089	53.666649102951
14.2847487773101	53.6588588989833
14.2836581327237	53.6344488894683
14.3170199454084	53.6180418047838
14.3057478852232	53.5435669657382
14.3158195266942	53.5367468862433
14.3269410292377	53.503970770272
14.3504162534	53.4960858109528
14.3575742990784	53.4577511854613
14.3714822858017	53.4553975820474
14.373500261256	53.4088248760844
14.3959874284372	53.3717036838199
14.3907305772261	53.3538234004437
14.4045004928902	53.3474238921753
14.4157266491644	53.3244661838316
14.4070983308604	53.3090606071704
14.4211893942386	53.2761909847645
14.4447768179799	53.2743431851594
14.4498641570969	53.2601099968694
14.4019105600946	53.2072767954226
14.3766695175784	53.1997769915672
14.3667772696696	53.1684510877639
14.3864198316722	53.1406745817328
14.349984792569	53.0573917795118
14.2570730308793	53.0019791069474
14.1439364192199	52.9611089704545
14.1431127539359	52.934985714777
14.1608138769464	52.8867713142177
14.1230052239423	52.83776480302
14.1417447095897	52.8240545147571
14.2163893198084	52.8167731120423
14.2802901690605	52.7742681923202
14.3504310756021	52.7512910039372
14.4652295705372	52.6614111163704
14.5962113051471	52.6106429061549
14.6142876544518	52.586263913532
14.639547561589	52.5719245870499
14.6169023807493	52.5558221721269
14.6038380917408	52.5310308007969
14.6122973471083	52.5107861737331
14.6323096556818	52.501280486735
14.6339257248779	52.4914835641766
14.5788254009698	52.4415686092934
14.5481154150038	52.4323373100261
14.5343762217224	52.3949996842515
14.5514734073674	52.3756669946992
14.5614398561186	52.3278059149186
14.5848294708343	52.306347310851
14.575288194707	52.2890476762765
14.5986798755479	52.2723256049577
14.6894750267651	52.256758200617
14.7155504245172	52.2361277772255
14.7083920195127	52.2116715092821
14.6858141224877	52.193906001816
14.7055671772702	52.168914192373
14.6800159464864	52.143383406694
14.681812127897	52.1156402881086
14.7002557983213	52.0981084123326
14.7411749578283	52.0851872937361
14.75918177753	52.0656899724286
14.7454371943568	52.0537058933763
14.7484223858775	52.0319279649401
14.7140287682575	52.0036828040685
14.7216594176069	51.9944744735312
14.7048546335869	51.9760079719541
14.721286616764	51.9513150863636
14.7033945119241	51.9308869915537
14.6941835463268	51.9018952047518
14.6628031476643	51.8902346908812
14.6438847176123	51.8671972989211
14.6111045640741	51.8571312996394
14.6124816814046	51.8455010153018
14.5904025290254	51.8384572935421
14.5903896831169	51.8204437051549
14.6071862026363	51.8037925770286
14.6454746458336	51.7955275698413
14.653803825148	51.783596004838
14.6508478288741	51.7612925826916
14.6641449612042	51.7568069764852
14.6561982845378	51.7411808861642
14.6681633949646	51.7258569902039
14.7362521002398	51.6885741965608
14.7575189061075	51.6611673802818
14.7533244923829	51.627760000478
14.7649337801257	51.6073983649932
14.7113722702993	51.5630444893926
14.7297177548631	51.5495274946377
14.7294311024559	51.5310240825962
14.7963332230723	51.5177785808016
14.8522054693041	51.4893995113019
14.9161073965345	51.4837632080407
14.9271860494389	51.4731150932445
14.9490401738395	51.4712855147776
14.9741188907839	51.4416732660807
14.9704108249541	51.4322312018437
14.9586261860678	51.4314429869289
14.967024355996	51.4175489851675
14.9587107175361	51.4097848886725
14.9692142689956	51.3983268006042
14.9583290233719	51.3956954162005
14.9837530527115	51.3737980931563
14.9651058240437	51.3614288821742
14.9763230869965	51.3570660047488
14.9860842707053	51.3293819131177
15.0091725006431	51.3167120044773
15.012370053897	51.3009264095354
15.0334094063348	51.29413371648
15.0419319030983	51.272846204692
15.0381120868472	51.258107712264
15.0232507181128	51.2503727925331
15.0398349657306	51.2443550756554
15.0286427657742	51.2418071856864
15.0099317567213	51.2137498657649
15.0077618761525	51.199557012117
15.0143719495076	51.1958191933942
15.004981231022	51.1915774789908
15.0049912921532	51.1675282949
14.9931209539889	51.1624639769382
15.0008385602578	51.1496014948852
14.9904415489909	51.1425207008735
14.9976732565227	51.1223026748491
14.9806591650414	51.1159660133027
14.9839704450102	51.0908556040758
14.9675959540113	51.0710216015262
14.9649313712155	51.0501158011714
14.9483981479059	51.0428716627328
14.9325957040799	51.0024867962881
14.9174495694005	50.9956062158863
14.9196344518345	50.9755247173584
14.9031636614371	50.9717512710499
14.8930416244787	50.9501895166414
14.8968748256276	50.9412653958339
14.8211978714845	50.8870583733839
14.8231749735933	50.8706328173954
14.8233552654708	50.870559686856
14.8237774736543	50.8704338907216
14.7929830460517	50.8199955870372
14.7664576821737	50.8192104752041
14.7458814112648	50.8293692020709
14.722345910147	50.8220640897712
14.708451577816	50.8407594822393
14.6891344754409	50.8380935952581
14.618917032437	50.8577586011059
14.6366749289735	50.8978404665636
14.6528317581791	50.9054255111606
14.652278395964	50.9259173113225
14.6440405753141	50.9314679624199
14.5819572873763	50.9135354910612
14.5643596502866	50.9185740835931
14.5605127947454	50.9250817743652
14.583393064695	50.945050487726
14.6006313756711	50.9793765857844
14.5645517100943	51.0101647707945
14.534751178522	51.0037412882597
14.5398726536198	51.0103270971751
14.5315892883849	51.0169461044205
14.4985996477225	51.0220849791419
14.5086032867264	51.04270340684
14.5001638841267	51.0465526934341
14.490763463836	51.0435549030247
14.4926316003009	51.0234738168271
14.4534618199782	51.0358439879648
14.4089308042085	51.0187273900662
14.3845401967717	51.027146275237
14.3825442300419	51.0385560080891
14.3617900927068	51.045319973815
14.3362120022959	51.0391323858226
14.3173492677915	51.055264381171
14.3016355775156	51.0548832942859
14.2893357548139	51.0395978773453
14.2737430676067	51.0398876986697
14.285968689466	51.0264482723198
14.2801076313947	51.0141137978969
14.2604784542899	51.0088084868124
14.2687030697052	51.000058100204
14.2587243140346	50.9874644016008
14.2857628854344	50.9768907978901
14.3295394960285	50.9823622964237
14.3278638685291	50.9726877885923
14.3028706711997	50.9649633868338
14.3170037757332	50.9604731124566
14.3105039256635	50.9550675622788
14.3159390924585	50.951900985242
14.4005571582875	50.9338349154227
14.4020991164727	50.9237200026909
14.3856761164485	50.916493605068
14.3883899269218	50.8993236151055
14.3492157448543	50.9007679653362
14.3488698036383	50.8925290045061
14.3038625909364	50.883835477663
14.2673786834818	50.8952148979357
14.2331810782568	50.8873014884082
14.2359162686339	50.8759437719575
14.2231938784225	50.8591153846967
14.0880925597511	50.825684898153
14.0784611826009	50.8124804118313
14.0296675709764	50.8040967987707
13.9902157196546	50.8198294172951
13.9537873280845	50.8072677022226
13.9558369242367	50.800515876116
13.9387433318529	50.7896164851992
13.9009627062856	50.7934846628063
13.8872973545205	50.7704270856399
13.9027671521968	50.7530311741533
13.8985805538152	50.7448260134306
13.8803187922358	50.7376805093641
13.8619565990077	50.7428082648499
13.854971568853	50.7269676012122
13.7582971237643	50.7358210760779
13.7405582715118	50.7272781959746
13.7281006148147	50.7336510753715
13.7082511708022	50.7253965697564
13.7066827123162	50.7166812136885
13.6646890778979	50.732163963882
13.6031730760621	50.7101522652249
13.5455404911995	50.71150361183
13.5252256300383	50.7042862891148
13.5443603744108	50.6773274889704
13.5128056127516	50.6539617875875
13.5260766939385	50.6493613784309
13.5238483330447	50.6391345893305
13.497616269107	50.6317761018862
13.4648196763991	50.6017457008197
13.4148369648331	50.616486882988
13.3919341471698	50.6466137673882
13.3701645542376	50.6509129725991
13.3778667094836	50.6282700869183
13.3250383147605	50.6085490684704
13.3231691003173	50.5810661064008
13.291129967057	50.5748722772669
13.2820765659605	50.5911658048612
13.2560232667644	50.5953676089866
13.2395332524199	50.584598683446
13.2359377454952	50.5702147744805
13.2226423199642	50.5627823894703
13.2294431954856	50.5501450952394
13.1946521631839	50.51544999347
13.1958560853277	50.5035240971713
13.1367958079841	50.5063550820444
13.1324902726588	50.5186694621646
13.0849677771614	50.500219371839
13.0317134013306	50.5097743769426
13.0200573113615	50.4466720863402
12.983411078335	50.4195638698595
12.9422448821249	50.4116933963713
12.9480910281625	50.404251206237
12.93737924722	50.4062695961694
12.912693812707	50.423451485378
12.8193055845907	50.4598436754661
12.806673924223	50.4433327778418
12.8101274973328	50.4311267631707
12.7948176896086	50.4494270829998
12.734769355284	50.4322791091432
12.7080468112012	50.4082155923745
12.7071581078906	50.3972874933305
12.6732157140378	50.4164173828802
12.6465066446842	50.4103177967986
12.6168698759882	50.4158409631496
12.6002604755425	50.4057929609083
12.5124843823321	50.3971642609389
12.4862957070227	50.3707019649245
12.489129712081	50.3500533817894
12.4646886193253	50.3534154884723
12.4417056719387	50.3414010071986
12.4308876202982	50.3226029805548
12.3985054204308	50.3214048931798
12.3997849807215	50.2938297014182
12.3709259733985	50.2854097131765
12.3515873114565	50.2612472910849
12.3593005159806	50.2420394791329
12.3490481334744	50.2360661149061
12.3312276243627	50.2424171629969
12.3346484987961	50.2173550808323
12.3264176850054	50.218437897973
12.323033372004	50.2070701968337
12.3382626906787	50.1925645062197
12.3232528304279	50.1814469707579
12.334493269915	50.1716938099622
12.2894621620266	50.1768691915356
12.2746594532803	50.1965572121974
12.2878001889194	50.2029245043275
12.2824573689356	50.212870997496
12.2938846580018	50.2210405132331
12.2393014942027	50.246270585333
12.2469259451767	50.2572296154007
12.2658401531469	50.2502026783087
12.2538745037309	50.2709350788265
12.2013774076846	50.2728211749154
12.1950980940171	50.2933870011349
12.201168549381	50.3090837013628
12.1867090869048	50.3117745899747
12.1845915781171	50.3221039962325
12.1002218964641	50.3186505943756
12.1260252843482	50.3072440797072
12.1228160529957	50.2909714171826
12.1400553521186	50.2778386879654
12.0976123803952	50.2623098736599
12.1025004731822	50.2557908953334
12.0924274842384	50.2496120033068
12.1271906687663	50.2323636851687
12.1510748060459	50.2357175124417
12.1453802057968	50.2303953055848
12.1620218557612	50.2234563695239
12.1596936920393	50.2112317984998
12.1753840261179	50.212842599143
12.1827034990529	50.1991695889549
12.1970844487733	50.1990659683771
12.1888557011077	50.1955412972202
12.2159717971165	50.1682063608145
12.1951629523806	50.1431689026191
12.2008048215225	50.1086986699447
12.2286687650053	50.1023879611048
12.2314196758999	50.0943342636453
12.2466613913255	50.0975145992289
12.275412690646	50.0764756770073
12.2616258866545	50.0581220657317
12.3172809202506	50.0533714986381
12.3258737551008	50.0328331671696
12.3396504081296	50.0393367949403
12.3674937801924	50.0174263789145
12.4316500204798	50.0025101146177
12.4353013127836	49.9935039754976
12.425682781542	49.9909904971182
12.4314799693965	49.9843926989066
12.4607366608958	49.9948747770871
12.4766095326401	49.9807440657293
12.4899588570882	49.9816032075735
12.4995590626981	49.9720489619693
12.4699907456267	49.94832450206
12.4749305813741	49.9385226712717
12.5476747157776	49.9204968887508
12.5500295594634	49.9015379065104
12.5216084808414	49.8816929070594
12.5120803201173	49.8594029016291
12.4978647502407	49.8569363971261
12.4979791956079	49.8375276977204
12.4833088985345	49.8418936125118
12.4730577736698	49.8336697175889
12.4734192557401	49.8151243947411
12.4640165896612	49.8100616986619
12.4726532622973	49.7861093036041
12.4047648813306	49.7627834767494
12.4005490877022	49.7538467844576
12.4424849604477	49.7037936997563
12.4913812495091	49.6860159009035
12.5219919716362	49.6864484774623
12.5299681130439	49.6660854840682
12.5172539873332	49.6454114943749
12.5285511105147	49.6399756835834
12.5231906835513	49.6284770778452
12.5342855959624	49.6260845780222
12.5281037495032	49.618102463791
12.5607430472049	49.6196083069201
12.5640810071376	49.5967640657609
12.5766804179866	49.5863453111046
12.5743501881396	49.5591366084348
12.5949163080857	49.5417238897092
12.5885418628296	49.5384769646808
12.6207709897726	49.5265850818156
12.6361097232489	49.5319825839881
12.6441969862572	49.5229658118356
12.6442207017807	49.4848967031956
12.6335993811874	49.4761396902317
12.6530005658731	49.4602669006139
12.655548367682	49.4347950001531
12.7087050068099	49.4247591167262
12.7148148083833	49.4141316084901
12.7576687593491	49.3948020926598
12.758074528363	49.3752407771755
12.7812855580002	49.3604108060649
12.7787038897051	49.3481592858541
12.7857827039755	49.3454648130428
12.8434946999092	49.3450935879713
12.8868463175425	49.3323502610915
12.8800088805889	49.3504062934552
12.9452846912149	49.3437958876555
12.9726276118329	49.3338636862507
13.007399330356	49.3059230667662
13.0291118802678	49.3043285951938
13.0255163733431	49.2788140176337
13.0339810186023	49.2639300625839
13.055318701546	49.263925783188
13.0603987643092	49.2502055979576
13.0807620446642	49.2473890680578
13.0862103268624	49.2291210885253
13.1141756901408	49.2182578161003
13.1098864143222	49.2031309158622
13.1708967544846	49.1736237762497
13.1769010040121	49.1642341043473
13.1702956917279	49.144008599677
13.1827775131062	49.1344885905664
13.2360557841236	49.1137198614749
13.289182599184	49.1186380702278
13.397372727563	49.0506639929829
13.3916747137158	49.0421507905526
13.4094136557998	49.003227612123
13.4027247103627	48.9872264046581
13.4957713091765	48.9414909068995
13.508274420627	48.9421395925166
13.507069779831	48.9691148843921
13.5292721810672	48.9740513063145
13.5839023267556	48.9692081179656
13.5903429778482	48.9529781919411
13.6102427275166	48.9386313737698
13.6285868646075	48.9492108634399
13.6224888309643	48.9388052091717
13.6554751478602	48.8935736805823
13.6696396934287	48.8905130658193
13.6759377818856	48.8787335030405
13.7379384248172	48.8860114600242
13.764428395073	48.8344707847364
13.7930640812164	48.8300391787417
13.7881293658661	48.8249081899781
13.8152318074826	48.797088204469
13.8033920120379	48.7808244710213
13.839395051321	48.7715557763748
13.8395730974103	48.7716017783502
13.839372952765	48.7708726095166
13.8209841694045	48.7543807148118
13.8190481203041	48.7317972815291
13.7948759831445	48.7150413668109
13.8140639976132	48.7009117867934
13.8374137271303	48.7005370859679
13.8335323762822	48.6918647098534
13.8135062336533	48.6918380848017
13.8197742285483	48.6704495892792
13.8140834012234	48.6496564763769
13.8239557963643	48.6421271754043
13.8256689734427	48.6183484624917
13.801229587486	48.5973347797401
13.8072693204672	48.5845314172855
13.8009151771365	48.5735970733553
13.7699389305204	48.5535551676056
13.7540683943958	48.563571673576
13.7466514542525	48.552416769009
13.7548598999927	48.5511572166203
13.7436571897475	48.5440493926636
13.7477950994407	48.5293873752534
13.7332960212604	48.5253199041557
13.7304294971888	48.5147392609402
13.6641007712183	48.5341689874855
13.6532829890724	48.5491150601016
13.6005675125805	48.5691273984475
13.5695723115118	48.5612765741085
13.5089626199662	48.59059951819
13.504034372486	48.5725144634808
13.474497406618	48.5623713147659
13.4753730843569	48.5560605056924
13.4635543094899	48.5539752596514
13.4499782502641	48.5639465606436
13.4373528781034	48.5567684114248
13.4500286457515	48.538035004925
13.4464250539893	48.5235799595505
13.4581445650174	48.5119092140639
13.4271523283892	48.4571057768499
13.4393508211268	48.4308326933568
13.412516077465	48.3757939150783
13.3297979484619	48.3235140645386
13.2575481569592	48.2938160064071
13.1776929587666	48.2944852007847
13.0217069775493	48.2577999169127
12.9561601452021	48.2092345088041
12.8700507861699	48.2013100662974
12.8477104935376	48.1673747668744
12.7994023314926	48.1467762978174
12.7869190728099	48.1237108828891
12.7583106954512	48.126352201987
12.7492439992885	48.1085126694506
12.7594809307718	48.0751671923119
12.8502052049131	48.0162109908736
12.8739101282935	47.9639226704071
12.9173262449642	47.9549968070778
12.9226099558023	47.9393554133926
12.9381710223115	47.9432827687782
13.0035327118786	47.8495516097954
12.9641875804125	47.7999997987567
12.9295978605659	47.7729807595655
12.9446238904919	47.7643744711561
12.9052016835744	47.7234836727653
12.9248511626047	47.7102167627055
12.9733019771167	47.7071419707138
13.0182004038377	47.7229387076192
13.0802665339535	47.6870763847161
13.0779523839501	47.6671525013755
13.0987379623201	47.6351012951813
13.0626048469839	47.6014529059226
13.0710650904983	47.5875690675955
13.0438088573051	47.583392388009
13.0426320642829	47.5737603913502
13.0574837312122	47.562155502627
13.0310455039168	47.5325569960662
13.0472074535196	47.5216283091472
13.0477730328224	47.4921745670537
13.0266460048129	47.4863421033212
13.0060611999088	47.4640074155277
12.9768955077478	47.4850247864158
12.9677441902854	47.4744098919483
12.9087264032547	47.4969431161037
12.8826540597745	47.5206710784961
12.8520021049759	47.5306007010323
12.8472465136933	47.5460919710256
12.8178125845884	47.5447679065735
12.7943665556729	47.5568874023904
12.7791497235806	47.579141567137
12.7950378666848	47.5929102941591
12.7929459598826	47.6004404968569
12.824561447655	47.6120174011158
12.7585528812518	47.6515764960176
12.778505990848	47.6608156026627
12.7813702691315	47.6739301948678
12.7572288543545	47.6630472143236
12.7321750207435	47.6797211730212
12.6048099932989	47.6731875183127
12.5752363761673	47.6325902064878
12.5365369537275	47.6365399623013
12.4995620271385	47.6250049956471
12.4409291682071	47.6739805813208
12.4404100318044	47.6951349625395
12.3636174599099	47.6838420820125
12.3380068504858	47.6969949644524
12.2552499142624	47.6794510630373
12.2412608995004	47.6943765647967
12.264980645083	47.7325164644197
12.257028578525	47.7430344680956
12.2038839768219	47.7075226800236
12.1624245705031	47.7011669849855
12.1675322115455	47.6818393650135
12.1986405105085	47.6414187990982
12.2039614115994	47.6067646129549
12.1781434710076	47.6008889176246
12.1789972298537	47.6143901974145
12.1290224234621	47.6056492821948
12.0607226140952	47.6188271986527
12.0219092852773	47.6110810186652
12.008532562213	47.625178092537
11.976228964933	47.6129775663306
11.9136975075001	47.6138379756595
11.8549553235986	47.6023579033294
11.8440415115487	47.5812117880718
11.7810482302282	47.5911967092683
11.6603081881725	47.5838041753279
11.6361798887987	47.594554883039
11.633488805702	47.5805894093922
11.6057626637838	47.5810793870348
11.5868807053323	47.5547195819936
11.5881088819888	47.5254506878112
11.5724165716166	47.514506383485
11.5056644696527	47.5047270626967
11.4496415759478	47.5073009651997
11.4420899783433	47.5179169789404
11.3838428559949	47.4723744951011
11.4094381940592	47.4667358623399
11.4211938173618	47.4445915044373
11.3386128611026	47.4499228850038
11.3296714799221	47.4380968772391
11.2910303581441	47.4270796654598
11.2900570335338	47.4072641871061
11.2698846451767	47.3975652927591
11.2249593588287	47.3952523636389
11.2534161005675	47.4282376925947
11.2069901785374	47.4339395790878
11.1280711147023	47.4121963696271
11.1148240185335	47.3954555912091
10.9718963974438	47.3995574949116
10.968791999485	47.4118665789073
10.9846562474025	47.4210256646639
10.9836122253793	47.430017680426
10.9295386758409	47.4702316600211
10.9371024007017	47.4812530707896
10.870039571481	47.4832549768196
10.871988646153	47.5003626818101
10.9180070025387	47.5136311749354
10.8903109541825	47.5373141749542
10.7775079768196	47.5139210723199
10.7510481001258	47.537276998848
10.6945958117151	47.544780883004
10.6911399029856	47.5585462779216
10.634752922096	47.5590439788363
10.5979476872642	47.5697412836821
10.580329748249	47.5556613987575
10.5711057570801	47.5334722822352
10.4889120645399	47.5404029745795
10.4556876042621	47.5551351717158
10.4544285255599	47.5557971984266
10.4544078643083	47.5557543973189
10.4313005002549	47.5037633945278
10.442596186132	47.4846348664166
10.4679702691419	47.4771101731223
10.4658850098728	47.4529566931162
10.4759457817289	47.4322232868513
10.4374210816118	47.4126879819318
10.4292146121652	47.3912178118555
10.4367645029706	47.3803634172731
10.4197079211764	47.3846405092294
10.3947299952069	47.3756052785215
10.3864717828	47.3565860166836
10.3569006809512	47.3370375103642
10.3487495477262	47.3173720831616
10.3303331860865	47.3048154878038
10.2956547126898	47.2999039005454
10.232348907482	47.2705192730661
10.2012301880617	47.2768988911729
10.1740415980095	47.2702482095761
10.1720769824831	47.2790761684029
10.1796106137819	47.2960255764436
10.1991313642319	47.297542275073
10.2159718113687	47.3110639788001
10.1995091956404	47.3264600933186
10.2361856120604	47.381921307207
10.2270510032623	47.3888949949405
10.21259118146	47.3803896947301
10.1818489459753	47.3924257651186
10.1693974876537	47.3858298803273
10.16587492393	47.3688748996647
10.1193353650165	47.3756130043057
10.0998386894161	47.35476039928
10.086239633319	47.3995221062072
10.0691404713803	47.4101760118946
10.1055855716147	47.4287166969472
10.09384863327	47.4404643694056
10.0916379691873	47.4589275773717
10.0699905471337	47.4559502984418
10.053468373102	47.4668570747736
10.0447744777823	47.4876221758924
10.0007641255512	47.4821055672868
9.98735847673478	47.4984652096366
9.99569493240294	47.5027787112856
9.96526198687059	47.5208928100731
9.97060911876778	47.545806859771
9.9588525073184	47.5431711140923
9.96369972675998	47.5347197895563
9.94107906992751	47.53822270713
9.92189464871985	47.5296364161544
9.88124704992331	47.548142579849
9.874505193716	47.5285372140962
9.81578717449564	47.5476661186239
9.8272819270397	47.5799719922514
9.79998625780562	47.596101404915
9.76553137508321	47.589116583544
9.74806489202491	47.5705239171889
9.73522491234287	47.5340668973315
9.60464957556745	47.5295205042549
9.58270355351336	47.5359236008284
9.55056596489787	47.5371756589533
9.53190822594129	47.5357150934036
9.51468410834664	47.5369247645473
9.44512935252783	47.5948296728261
9.2558168624165	47.6591228175801
9.18708271760974	47.657480016952
9.17597109653435	47.6539841665622
9.15144295702758	47.6673907938819
9.13806758143621	47.6644836598759
9.10043077614593	47.6774178750283
9.02371842380631	47.6865402912286
8.98466901773175	47.6754175728011
8.94089797669233	47.6559330107031
8.89647942999611	47.647972104749
8.87539570078324	47.6547329858675
8.87342596485975	47.6702187026389
8.86055867639308	47.6803123134584
8.85053132186563	47.6811769969975
8.8577084118281	47.6926565095232
8.85080333173366	47.6946684854441
8.85152791284183	47.6976362122868
8.86321382687835	47.6984370052452
8.86629181436786	47.696388595277
8.86326386303968	47.6924127694675
8.87338625932419	47.6939721177692
8.87613285830539	47.696856387135
8.86968079860873	47.7018712971648
8.87273677737378	47.7040977679042
8.84832775447368	47.7033771028211
8.8431653161989	47.7121632050367
8.81903620834134	47.7127845014725
8.82623746298496	47.717873304729
8.80479656361512	47.7245306811755
8.81216256928184	47.7304315088545
8.80665490844338	47.7382880091979
8.79655038863302	47.7345581983237
8.79918236258396	47.7271266588079
8.78482315209342	47.7273562781617
8.78075818560125	47.7216726599072
8.76975256572939	47.7184628040216
8.77283809906728	47.7132348596926
8.76937626145687	47.7068541700393
8.79397330174593	47.7042621997795
8.79758434952504	47.6972155870043
8.81009500682391	47.6933616622564
8.80008975085244	47.6918581674079
8.79351399314116	47.6801129086391
8.79601274693547	47.6753912612784
8.78861098832044	47.6755008622923
8.75751266065715	47.6895340594178
8.72805268040903	47.6926836588659
8.72770530188866	47.7004470653293
8.73629148920581	47.7163366710075
8.71792615187421	47.7216264893757
8.71114378164758	47.7301477038582
8.72360979267683	47.7456580948847
8.74142131863577	47.7481931612275
8.72731022282671	47.7622766611882
8.71405468249424	47.7654087018181
8.69510975214133	47.7557211618354
8.68869326572992	47.7583692713993
8.68357322793655	47.7706062931759
8.68861053089225	47.7735293063196
8.68319746265321	47.7773101731447
8.68101689213253	47.7866151938821
8.65739272729618	47.791750193834
8.6602975195989	47.7963317998089
8.65684780924483	47.8004535662645
8.64959032006442	47.7984710799563
8.64573340339206	47.7907205909937
8.64978516464955	47.7833110736497
8.64809749972528	47.7740696970952
8.65295271417288	47.7734033089143
8.63165276047113	47.7581960725212
8.61942992338928	47.7676677190333
8.6233546628656	47.7772856637163
8.61508081977275	47.7839766105296
8.62213726599256	47.7948663984996
8.61858856129418	47.798329876061
8.60084629544364	47.8030242774564
8.59285093008887	47.798716616927
8.58773286858913	47.8026636952741
8.57530844955753	47.7995918873482
8.5680135904613	47.8084648064003
8.56305300363087	47.8037932817983
8.56197475579534	47.7926065109278
8.57494490136204	47.7896370719087
8.5773179808481	47.7816741764251
8.56287378973169	47.7779014746963
8.55290275957254	47.7846421992481
8.52645366266221	47.7780219677865
8.52018027787556	47.7705316686097
8.51029827076108	47.7762083844436
8.48407060856828	47.7709549623636
8.47246787852707	47.7634490926273
8.46590218194697	47.7531356690803
8.45712088055011	47.7499510665418
8.45583251676963	47.7428092672503
8.45076026934938	47.7401734146476
8.45261457175886	47.730857485348
8.45710911261989	47.7301753774814
8.45492602681643	47.7224614807415
8.44532420423906	47.7230801162886
8.44164964556937	47.7179076933782
8.41711476869796	47.7101910731942
8.40462854557482	47.6980454072355
8.42077288819796	47.6838819964725
8.4055760885365	47.6741997890445
8.41219631285435	47.6663416090531
8.42362899181228	47.66687270744
8.44510241019541	47.6538739757605
8.45727161785479	47.6527470632911
8.4659550927172	47.6572598918993
8.46370966383301	47.6484745837108
8.47348459176563	47.6384159145536
8.47778779147115	47.6396574731697
8.47111771065503	47.6418162089647
8.47774979273463	47.644856905688
8.47370333153732	47.6496253712223
8.49228480352627	47.6420603064595
8.49327061471907	47.6469477056513
8.53177186880726	47.6457528606674
8.53465986261417	47.649640500254
8.52689850839091	47.6604870694258
8.53250013300809	47.6628240877007
8.54156691900224	47.6568806913432
8.53993207501667	47.6650858021248
8.55311916372449	47.6690954095892
8.56375297090025	47.6700476907115
8.5647645637417	47.6652498730375
8.57759286532504	47.6615272965791
8.59316866420486	47.6668027738459
8.59802702275596	47.6727080816533
8.6067058263789	47.672105180475
8.60878830087055	47.6634200780782
8.62180812327246	47.6579177835059
8.62885441852957	47.6496558108296
8.62318380329856	47.6407817022856
8.61559618325125	47.6377002738331
8.6028051617522	47.6397058952949
8.6139882887242	47.6444198769488
8.60756290899148	47.6524446813616
8.59569086402808	47.6430374718423
8.60493785206823	47.6134366589651
8.58255695558509	47.5961263025196
8.56220759911698	47.6002879129852
8.56637757866587	47.6098594933977
8.57450930828077	47.6119676815792
8.56932198667262	47.6172012966458
8.56291762751755	47.6167016657143
8.5578836483284	47.624455671081
8.51725689044645	47.6342497710564
8.51277088358062	47.6256022652835
8.51516076156249	47.6233944829418
8.50741396004683	47.6238528786584
8.50828469705173	47.6175486920448
8.47917209532398	47.6151777951921
8.46853110162594	47.6038605848101
8.45667495684308	47.602327315024
8.46052315985719	47.588379001781
8.46685502496883	47.5842486790161
8.48869199154744	47.5878297771321
8.49469354612911	47.5811147748047
8.43253470987599	47.5665625671562
8.39747023040178	47.5770312682224
8.38312332683064	47.565266599167
8.32401436079863	47.5727745976072
8.29805987628373	47.588887688328
8.29751477856933	47.6057368015422
8.28869997001238	47.6102042728542
8.2644683643809	47.6094453068859
8.25528955847082	47.6151866969291
8.23792153076765	47.6126418890043
8.22683299639507	47.6050351890359
8.21990994999494	47.6173907688168
8.20536451874601	47.6210606651146
8.16497222115322	47.5942968119514
8.14807248520766	47.5951666760557
8.13820988170331	47.590581174182
8.13490435095234	47.5834938809171
8.11014121216724	47.5827504635295
8.10306877593537	47.5762457019081
8.09930537388408	47.5626311653381
8.08935581346023	47.5576296714178
8.06777666336817	47.5645879018614
8.02071626125288	47.5504053780496
8.00037795406277	47.5564286622644
7.95982755297998	47.5583513791376
7.94426477967178	47.543786964021
7.91154625056205	47.5509850679458
7.90722391674098	47.5604529741915
7.9106453301636	47.5710658687354
7.89199783200127	47.5874229897114
7.86839307077504	47.5886707882849
7.84106092994042	47.5820935037835
7.82254440614651	47.5879877896239
7.8155407808654	47.5826210960705
7.81008621046023	47.568307990977
7.79568522830898	47.5573822091617
7.75063947788139	47.5442755881297
7.71793298619647	47.5415876746807
7.69395192069773	47.5324786947185
7.66797102571348	47.535764400208
7.66130876024033	47.5448323035942
7.64899546280938	47.5482958614399
7.63395577849112	47.5612235015518
7.67731575045653	47.5637449884195
7.68349975287241	47.5712539928547
7.68591936509019	47.565610278382
7.68965321256863	47.5713979946234
7.67174188378163	47.587270004348
7.69379031377811	47.6007715883961
7.67517129221028	47.5919818695009
7.64566963013298	47.5969551860814
7.64323995678402	47.5913407167764
7.61913429495538	47.576869707834
7.60488198398365	47.577873664857
7.60481586797874	47.5849294845992
7.59316489840677	47.5889745692664
7.58903875664375	47.589896867574
7.58980996031516	47.5912336047929
7.59196915093207	47.6036017116473
7.56695538218271	47.6320869088276
7.52159486207956	47.66357846723
7.51174609263059	47.6977750898332
7.54841154960416	47.7319413834391
7.52981723170664	47.7809196941994
7.56288340883132	47.8430997837486
7.55657840334667	47.8780364055614
7.58118092335897	47.8970272907062
7.58323042967969	47.9311933854581
7.62189688394863	47.9724991970442
7.61009975847993	47.9988928707329
7.56890086359353	48.0345703648611
7.57807679489469	48.1219480090927
7.59792749654858	48.1344875154658
7.6003639970937	48.1572207173619
7.6434242012488	48.2064488623396
7.66653740435155	48.2215600930197
7.69354210926511	48.3016363728816
7.74426862588641	48.3267488804097
7.73259942051417	48.3956771075243
7.76317986941617	48.4511797914449
7.76798630534385	48.4892414172745
7.80472991574714	48.5125878636797
7.80077301658364	48.5852298920933
7.83939105165877	48.6409713608034
7.8903446623839	48.662856703488
7.96322794582496	48.7214855751988
7.97237450221633	48.7581730959699
8.01266609866578	48.7603130982487
8.03039956102652	48.7872537971243
8.06679705055083	48.7901846671756
8.0889997212816	48.8035620704584
8.1420943766549	48.898003916325
8.19536662895987	48.9568699911074
8.23252184742634	48.9664471862928
8.2228787023459	48.9758829174867
8.19940931723299	48.9668923826355
8.1938851273933	48.9772257889487
8.0880056455882	48.9897002936353
8.04955218187312	49.0144569968196
8.00036052674626	49.0283160986968
7.97480166028249	49.0265763603028
7.96664549649186	49.0418702621296
7.93397646455428	49.057922609711
7.916946383061	49.040881274934
7.88850338554604	49.049057803271
7.86733970627288	49.0329620141407
7.79437135237442	49.0655987602244
7.75955265196195	49.0454666650032
7.73210588609708	49.043968180693
7.73224485547153	49.0554867837114
7.69591977015912	49.0578251860268
7.69786588039063	49.0499841608718
7.67470605472464	49.0450139860674
7.63332839509669	49.0541729846119
7.62952169424871	49.0735692002372
7.60048275437426	49.0833000062438
7.5632690555828	49.0802792661189
7.52856785480949	49.0971174021799
7.51558171923073	49.1209666805109
7.48944739199595	49.1364999056667
7.50597998648489	49.1509733129697
7.49598038989971	49.1551468064533
7.49397561968014	49.1694062033368
7.43337949269527	49.1652784942531
7.44187396202191	49.1723121625493
7.4355589852376	49.1801418627613
7.44579034716608	49.1842665711727
7.36532492340095	49.1720407088504
7.36268127135131	49.1432614072736
7.32578701347488	49.1433234631629
7.2935555509122	49.1149891631527
7.28178043416796	49.124543074702
7.24496504837348	49.1300152803847
7.20550466305643	49.1235529694922
7.19832173404461	49.1152078934729
7.1843720654921	49.1314603850395
7.15745063440538	49.1208268152945
7.13553578389164	49.1285770699421
7.12629310776487	49.1420039948301
7.10418269401378	49.138411463921
7.1134896895149	49.1520128121161
7.10144858161503	49.1560381684231
7.08030376696284	49.1489317958482
7.08966933262048	49.1304124018098
7.05203477311841	49.1129465164353
7.02776696538098	49.1704517175435
7.03500810522321	49.191414312041
7.0109133130095	49.1879495991194
6.9753344582036	49.2093795010409
6.95958375733797	49.2030952885577
6.93822981488763	49.2224476987292
6.918805184173	49.2226514044546
6.89261111897183	49.208827198
6.85915381537244	49.2227465685351
6.83783885980544	49.2133476149166
6.86194353348728	49.1789234974681
6.84451397118715	49.1730380677677
6.84738175290017	49.1571710891318
6.83417526058222	49.1512816044163
6.78258420533148	49.1682043133984
6.73855678510996	49.1636721923181
6.71128905348122	49.1883651614226
6.73151255597801	49.2059607687745
6.7231778071089	49.2190113874964
6.69577155526334	49.2152307994853
6.68478030843602	49.2416310159394
6.69011486391924	49.249587489222
6.66158293319114	49.2580484740901
6.67032165444353	49.2802649770561
6.61537871537316	49.3016258064405
6.58909535763275	49.3221255634751
6.59133898988636	49.3359047139773
6.57847286922956	49.3348621713118
6.56587947709302	49.3478543866893
6.5635817662593	49.3559035007073
6.57405297836863	49.3587521001995
6.5883338557664	49.3496021179817
6.60229987365708	49.3671104722151
6.5832276520284	49.368515485578
6.58669999992764	49.3851818772763
6.54099299961941	49.4011984078975
6.53855039053036	49.4120702144579
6.55746873075086	49.4195593975675
6.55169148549563	49.424979808467
6.428027067864	49.4769468733512
6.39417998526283	49.4641753137122
6.36827841151817	49.4693682605949
6.36772729509136	49.4694179981331
6.36842339960503	49.4715880117678
6.36771525766656	49.4792761836719
6.36928748907682	49.4889975874787
6.36705185182923	49.4957457655226
6.3679218701819	49.5032817941689
6.35654335963561	49.5308839142081
6.36065378088115	49.536365181768
6.36700289364625	49.53999278671
6.3784122164068	49.5489987833231
6.38252560209278	49.5568078938495
6.37841015028164	49.5601766070428
6.35918701168524	49.5702663802839
6.35751919952874	49.5730010664828
6.36144968822288	49.576403670655
6.36845466097692	49.578750497458
6.37130627301482	49.578876485489
6.37736738589984	49.5764426979853
6.38168379084003	49.5768276688887
6.38276060137111	49.5805122617214
6.37471376255055	49.5875204795973
6.37445980881973	49.5901221841034
6.37617262657196	49.5928529044616
6.38551016479274	49.5995751101844
6.39242818062727	49.5999520968805
6.39807534982936	49.6016799104279
6.40218981349368	49.60448758602
6.40456747438769	49.6080771838458
6.41001369046072	49.6127087145693
6.41931942832044	49.6173701860857
6.42244188241652	49.6215277034868
6.42307276924055	49.6248772857817
6.4281560659388	49.6349411741184
6.43995741348934	49.6532400755112
6.44047529225063	49.6568787116054
6.43901651806075	49.6591104816093
6.43510462449299	49.6604228736825
6.42813612333949	49.6602362718196
6.42595339686214	49.6616891772352
6.42663926058156	49.6644168774627
6.43139458236958	49.6695132799686
6.4362179066246	49.6711731075609
6.44648035026191	49.6774473835933
6.4600695248909	49.6914289039771
6.47920265229584	49.6964942946657
6.49936578800554	49.7115936029536
6.50411410293434	49.7130773865511
6.50719065311939	49.7125084842772
6.5064147782085	49.7162050682886
6.49676318896439	49.7226443902934
6.49521242728941	49.7244521743323
6.49573030605071	49.7257799923548
6.4993258129754	49.7268138824507
6.50500900462038	49.7260399767883
6.51115006756568	49.72117146897
6.51494158688536	49.721595485796
6.51718027840491	49.7231782711345
6.51591239621291	49.7251161169193
6.50567887832775	49.7294035631813
6.50172916568653	49.7335554626713
6.50261535371431	49.7458498068226
6.50066654853695	49.7486303655427
6.50082761646739	49.7524109685116
6.50380220786769	49.7550006763073
6.51575150794552	49.7592463115764
6.51818908646898	49.7615959975567
6.51989992792759	49.7654495702846
6.51659924807915	49.7698210614607
6.50990131948922	49.7736315721678
6.51064018381041	49.7765733158849
6.51695785554057	49.7818648027499
6.51688715812771	49.78300300511
6.50778560733206	49.7869410613173
6.5057558639476	49.7894088750736
6.50778866160403	49.7919161137527
6.52156306884461	49.7970569012725
6.52613890723885	49.8018184754095
6.53033826169753	49.8044541868697
6.53086126085594	49.8061669745207
6.52933646049268	49.8093985707067
6.52102066607605	49.8132321699377
6.51866896649376	49.8118742832074
6.5181041058431	49.8082917140283
6.5150564814102	49.8038551635965
6.51116111684367	49.8019484670069
6.50593480835219	49.8093756141081
6.49589227229644	49.8124272969587
6.49287069900677	49.811366362914
6.4887522827552	49.8118622837823
6.48450091584157	49.8137430848819
6.48064947889244	49.8187285989054
6.47142979963693	49.8224751054392
6.46371839174347	49.8192621759039
6.45432731393175	49.8114544174988
6.44368578124454	49.8115234002413
6.44129814905088	49.8143461013324
6.43695380650535	49.8133732024779
6.43200247232234	49.8105084744774
6.42947784704785	49.8106724709491
6.42663530799431	49.8124652657004
6.4254473758626	49.8160248623353
6.40900775700557	49.8179126888305
6.39802342720594	49.8219372171592
6.39260919115702	49.827544615858
6.38499471148271	49.8324977660624
6.37688939233716	49.840210187402
6.37246312343771	49.8425518923755
6.36679987439204	49.8493110963701
6.36400225110271	49.8508789988585
6.34914537394477	49.8504409944981
6.34118055130965	49.8487242131411
6.33930091640916	49.8467973880958
6.33816894931964	49.8416059779526
6.33606832885925	49.8386342912684
6.32970502271267	49.8362601824659
6.32647764539141	49.8363605906775
6.3204225512188	49.8400571827165
6.31989973172344	49.84295978619
6.32220031716607	49.8473622829539
6.32281620212487	49.8515318855858
6.31437706901973	49.8599286173977
6.31440347948909	49.8658792654434
6.31122802479125	49.869648463851
6.30708445571172	49.8695788692002
6.29993889661572	49.8664027683349
6.29613551953429	49.8665970900526
6.29218266278958	49.8707656700766
6.2913979843889	49.8747984792038
6.28663044551302	49.8749542685537
6.28245211163199	49.8785738703087
6.27574295410102	49.8766510720682
6.26199594547661	49.8808516054959
6.2590713004061	49.8832378791999
6.25776371267854	49.8862207146351
6.25070367319759	49.8903924623161
6.2468258257791	49.8951802095996
6.23982202083493	49.8963855931136
6.23371949561532	49.9002611918218
6.23231192539664	49.9062868844088
6.2271018764118	49.9105819114314
6.22740299169504	49.9114681640386
6.2313354566828	49.9110481795199
6.23397210187322	49.9127039733022
6.2313677062015	49.9189715602325
6.22917581690825	49.9210431079628
6.22056600389913	49.9220959679412
6.21808377910605	49.9234129937671
6.21922823277802	49.9256136051026
6.22618676263187	49.9293140098019
6.22402757201496	49.9320699871117
6.2252253856148	49.9333599685856
6.22352397646668	49.9340019685501
6.22733094680925	49.9366229604544
6.22000302971057	49.9433329866517
6.21654298873073	49.9445079732738
6.2239129469847	49.9500849678387
6.2117405053903	49.9502299941475
6.20849399395349	49.9546099990755
6.20543100832923	49.9551849611026
6.20078465218518	49.9529299817306
6.19959070134106	49.9494969969977
6.1978016166212	49.9482299913897
6.19872849833136	49.94938029214
6.19700427197502	49.9545237079415
6.19376818099551	49.9569500886248
6.19571339291174	49.9606623612217
6.19478579254936	49.9605486884995
6.19296948887639	49.9641165663683
6.19424446775915	49.9656278115294
6.19330662660252	49.9655450649627
6.19300578081387	49.9677728163956
6.19087210235103	49.9698690759703
6.18373139415757	49.9676421149387
6.18077782333491	49.9637951613443
6.18315305877765	49.9598448016092
6.18314209933118	49.9575614904533
6.18802785649845	49.9562482875428
6.18124791172309	49.9531381736649
6.17849412621962	49.9536874908724
6.17587544733489	49.9617344661395
6.17076151808545	49.9628322047157
6.16508802824553	49.9703185927336
6.16524244864288	49.9747236926033
6.16728566675661	49.9798654989106
6.16895042464114	49.9810326046227
6.16923366345022	49.9837866631476
6.1727355659223	49.9844545034968
6.1630795749333	49.9871807000543
6.15721734905219	49.9871861870629
6.15363819146568	49.9894157090084
6.15054825638289	49.9942550135208
6.14186226623768	49.9947294810156
6.13788299902362	49.998844377716
6.13945280498262	50.0001411745603
6.14523292484675	49.9980464647605
6.14983831781385	50.0089911763382
6.14785762244389	50.0104371050969
6.13882290630539	50.0108830099886
6.12960816778395	50.0181652104927
6.13174184624679	50.0193250954302
6.13544038993457	50.0161593717538
6.13773495666479	50.0158884760925
6.14586992021472	50.0226096776108
6.14309331750304	50.0245974714477
6.13002318944521	50.029349963325
6.12996920069664	50.0325046043108
6.13441145960814	50.0398898015362
6.13241962512866	50.0433930671491
6.12513922890851	50.0510724952429
6.12169625591907	50.0526483782529
6.12115052938397	50.0544430949052
6.1231371536348	50.0563089153573
6.12382795808828	50.0599352629284
6.12057120585724	50.0600333028087
6.12052691891373	50.0571266813041
6.11792863178594	50.0563499798941
6.11397227161162	50.0577208923611
6.11237668400397	50.0600705002402
6.11375649628038	50.0654449087637
6.12037160020111	50.0647159731907
6.12144239201977	50.0689395053453
6.12931639497967	50.0733204661737
6.12490485845089	50.076938609822
6.12345614539219	50.0764196981536
6.12088049580956	50.0724641164643
6.11780017270031	50.0729519949456
6.11594030073607	50.0746812656697
6.1180998506791	50.075870686838
6.12188642926472	50.0810511940225
6.12211136741186	50.0834238689429
6.11960767288349	50.0860445637594
6.12025760399155	50.0920368775342
6.12262825802634	50.0937077147203
6.12990820508885	50.0923199073439
6.13298780954586	50.0932697825859
6.1323739008807	50.0948715954358
6.12841879834778	50.0953474897957
6.12595076693619	50.0985071862931
6.12550250760941	50.1009241722385
6.12686309593874	50.1021400812519
6.13569937423098	50.1034505686635
6.13461663481903	50.1049884903124
6.13120968427248	50.1064095777468
6.13087820593264	50.1076493722353
6.13508780118555	50.1134049882895
6.12960178974543	50.114209798803
6.1280483331246	50.1161075104437
6.12960691014255	50.1214228800582
6.13666138006874	50.1243689721761
6.1380640993849	50.1269719936261
6.13782173392124	50.12978817462
6.13781490672508	50.1298696019517
6.13784913253741	50.1299806861151
6.1384941229114	50.134543897418
6.15450165211677	50.1416392885924
6.15315992840841	50.1501164042038
6.14069670215654	50.1480065916295
6.13201700021832	50.1535069794136
6.14766071173362	50.160545173728
6.13955790787086	50.1681934142405
6.14776671293714	50.1704630964626
6.14592283098496	50.1768074619234
6.15998586692632	50.1717569845825
6.16765577265366	50.1797071142661
6.18420139271422	50.178310178498
6.19232117473585	50.182033773332
6.18606611558099	50.1840135820171
6.19032448935383	50.1872442133598
6.18394546268977	50.1926805632537
6.1888118162469	50.2055701674348
6.17782838476256	50.2165989106427
6.16650296464955	50.2195775942332
6.16743793119726	50.2238160965144
6.17674348939393	50.2263218108362
6.17540967086007	50.2351648111394
6.19565581090203	50.237106563475
6.20541034707769	50.2511139796039
6.21577789360325	50.2570003994764
6.21856653373974	50.2545436822824
6.25896458055035	50.2679211890981
6.27829982889421	50.2664982958488
6.29140786585702	50.2771341116868
6.28501680176816	50.2846413053842
6.2883703025553	50.2905696114346
6.28584666542763	50.2941661715384
6.29835085485646	50.3023373089857
6.29629119757303	50.3089254731754
6.30867734837352	50.3109323160457
6.30646964873127	50.3201903141115
6.33305582855396	50.3235778775664
6.33463057524702	50.3164897174696
6.34289938777428	50.3183134944082
6.34055271875758	50.3155667604421
6.36337540669745	50.3051869926286
6.35873812353777	50.3133510168153
6.37487465081793	50.3136060052561
6.38213968584672	50.3220370631095
6.40542132306525	50.3233149131399
6.40804045110763	50.3353140151144
6.40039201511558	50.3381352908747
6.39839128731478	50.3457997946162
6.36696193046929	50.3588488891958
6.36966846458882	50.3609736845957
6.36103637336066	50.3711791822193
6.3428814214686	50.3807445172752
6.36590299641237	50.4020000902139
6.36999536152071	50.4096981943331
6.36673789063744	50.4196660952699
6.37749728228992	50.4396398883386
6.37165517867118	50.4556050782905
6.36282644622732	50.4538502898125
6.34042578680793	50.4624022745061
6.34373230570572	50.4687306111554
6.33745317170125	50.474643902134
6.34182958410243	50.4837568666684
6.35036133351335	50.4885443633142
6.33458458150447	50.4892232876731
6.30899993339205	50.5014640847736
6.29738076418113	50.4974641907464
6.26954511762977	50.504612460963
6.26208119559707	50.4988021738878
6.25140480827684	50.5035286680203
6.22657842809574	50.4943236814424
6.21013476681994	50.5130795761308
6.21247748324939	50.5155684055386
6.20616079966605	50.5241248761119
6.19691381162591	50.5302739829336
6.19903338653879	50.5407316828223
6.21029260081536	50.5540771738395
6.22468846256948	50.5550882936136
6.23617728623267	50.5664501994824
6.2400884611482	50.5858431105076
6.24963117457988	50.5982318016468
6.24788826326563	50.6039663917587
6.26174127309356	50.6112936034264
6.2737914539778	50.6287396942907
6.26676896407572	50.6415122869443
6.24517059003658	50.6408708741853
6.22993561197555	50.6492308852083
6.22117227688438	50.6406204935277
6.18715667033591	50.6404083952854
6.18377622009024	50.6469939893295
6.19632173202214	50.657802568542
6.19475201589467	50.6631457091535
6.16581440598427	50.6621398700482
6.16283478401838	50.6712568910173
6.1441150613072	50.6815891050874
6.14367892923676	50.6887729857069
6.12327459587327	50.7072109778108
6.12491015851106	50.7110984849825
6.11859634953663	50.720028381944
6.11071309392931	50.7235055983157
6.07320726300745	50.7209683170268
6.04447231302515	50.7285194740375
6.03923100266842	50.7183915975652
6.03316665584839	50.7309848166528
6.03992549021458	50.7377582826206
6.04045343010705	50.7454612883708
6.02136207436283	50.7534926006814
6.02099762785207	50.7542908652214