7.04419957737879	45.9224464031654
7.04438238453911	45.9225460115502
7.04450778935277	45.9224654000104
7.06078795724687	45.9133509165998
7.06418987722783	45.9002287665667
7.07659165871427	45.8952319956228
7.08011018001911	45.8851953962538
7.09536761596224	45.8759059916765
7.09245491848501	45.8721908707664
7.10154937258991	45.8591754815394
7.11813155408253	45.8591788598257
7.13518041036525	45.8726477689787
7.15364986243827	45.8792714016176
7.16404902966182	45.876740108504
7.16145011371334	45.8718568104355
7.17533618154373	45.8629026074936
7.19061760250494	45.8586780579216
7.20082345227935	45.863079017011
7.1976441348258	45.8703634905485
7.20013615125547	45.8755094737756
7.21571410609198	45.8838705864699
7.2164189242639	45.888728818219
7.24782330794449	45.8932655730144
7.25679244706725	45.8882335974243
7.27680358783088	45.9007355080281
7.28483255017729	45.9151478839534
7.29443706770051	45.921813317086
7.30201309948066	45.9170834086965
7.31634563000725	45.9166053147396
7.32364066876653	45.9102443983022
7.34428862523508	45.9152831916396
7.35650023337587	45.9105252877578
7.36125286021803	45.9032425786827
7.38872783318283	45.8979241160703
7.40166635805153	45.9113322588795
7.40772477599069	45.9084377088499
7.42080271939148	45.912101717511
7.44474812177345	45.9315152196453
7.47455557037346	45.935827568793
7.47170036507441	45.9477023983948
7.49404299332645	45.9560144836224
7.49927325440518	45.9624164862407
7.50762677806373	45.9585707022533
7.51807993403586	45.9627017948707
7.52261265329647	45.9577240756189
7.53844572967366	45.954904703801
7.54635314996213	45.9624086182209
7.5415421326265	45.9762390586503
7.54594351819257	45.983818171591
7.570121224907	45.9876786806815
7.57837602371583	45.9860495960315
7.58112199387633	45.9750718110389
7.58698098582241	45.970926406726
7.63925134709101	45.9701259841793
7.65782841733507	45.9766404133389
7.66820315038289	45.9739659090996
7.6813509827128	45.9567570931495
7.69900952557885	45.9544689046122
7.70970899960188	45.9482817852677
7.70748818455648	45.9345420773674
7.72013071453907	45.9235818906582
7.73488949566798	45.9237966002256
7.74809562865982	45.9408967726941
7.76938498224122	45.9369682175601
7.79955373324851	45.9173285161841
7.82066522040366	45.9270352020333
7.85790074825653	45.9210393687575
7.86356318881845	45.9167003713956
7.87696488504764	45.9264282871166
7.86839908948745	45.9366789655473
7.8811230966663	45.963706077053
7.87780678613192	45.9732093580638
7.89384934963337	45.9786060041993
7.90869014694772	45.9969679785131
7.97718587887808	45.9994229620339
7.9890270217957	45.9960011194451
8.00110496062221	46.0121966036003
8.01239723290124	46.0119877890099
8.01110599451184	46.0190463081853
8.01746534807118	46.0247075694361
8.01191708338188	46.0312123949477
8.03446758179066	46.0442301623756
8.02168967569476	46.0695031944495
8.03472315248899	46.1008515052004
8.10821818863853	46.1116246611477
8.11381559117388	46.1174408901611
8.11526107029755	46.1302394883823
8.14430441191689	46.1368490972318
8.15402481211177	46.1462186958427
8.14975350259883	46.1625828183249
8.16527558222466	46.1770042587093
8.16506645442652	46.1828637760337
8.15330032083512	46.1911073180991
8.13888263001959	46.2261525689018
8.11542725862511	46.236006096694
8.1101590886414	46.2495092178124
8.08240608709617	46.2569435737123
8.08050462313427	46.2606607153353
8.0860738185697	46.2621853114955
8.08567182248006	46.2665506836925
8.11334981469906	46.281007487403
8.12077861260414	46.2919380577641
8.13814178940478	46.3019976033348
8.15960945857008	46.2960604872235
8.19865706801407	46.302255403119
8.2121062851218	46.3097029592515
8.21465076316407	46.319716184905
8.22493728165099	46.3262125121322
8.22408262448968	46.3344677775449
8.23562408942852	46.3403695953661
8.24965748096551	46.3407198056454
8.25286078343715	46.3464542651249
8.26279246738684	46.3460497081289
8.25991157027067	46.3488323721832
8.26554310878682	46.3518051860366
8.26507751197506	46.357071265491
8.26074385938141	46.3609082056464
8.26430720661893	46.36452568072
8.27289519056664	46.3669547607096
8.28408568372397	46.3637053009753
8.31276071607682	46.37716196431
8.3186952563383	46.3864451674046
8.31414016902712	46.3901688869872
8.3156074772122	46.3989107851121
8.3096829980819	46.4040843001321
8.30350717033511	46.4025302033376
8.28862325388712	46.4087151692414
8.29881482044851	46.4141530163929
8.30769026528714	46.4258253658918
8.32582832885185	46.425190308116
8.36696775526645	46.4520027981331
8.39289915307854	46.451521164068
8.43819436566053	46.4642212748903
8.45003766453483	46.4619126091697
8.46587154939578	46.4442279908482
8.45753401574928	46.4347669071734
8.46067290901505	46.4287112684775
8.45688318632594	46.4229697149622
8.46825325270856	46.4119997936011
8.46356773001813	46.4028660153908
8.47113567696072	46.395987185913
8.46099100245716	46.3868668993342
8.47017025752488	46.3622328142745
8.4615950296542	46.3533142872743
8.46534630444915	46.3338484029507
8.45398108896906	46.321275058633
8.44368927042196	46.3194507742715
8.440551365303	46.304157957778
8.42775001317818	46.2983151043865
8.45570747128208	46.2643042608164
8.44186712769965	46.2544419634957
8.44446334870228	46.2489582707206
8.46389831004268	46.2446454850974
8.47146347220789	46.2319547732671
8.53254711489745	46.218362613771
8.5402401073276	46.1982255763493
8.55354882792488	46.1920404784184
8.55401307726372	46.1862333096722
8.56368182432975	46.1840053034735
8.57287428463215	46.1651288070624
8.58669917719169	46.1618852810909
8.58829611227227	46.1565611586112
8.60344664869659	46.1549214944348
8.59296717208663	46.1430191796716
8.60970431296576	46.1328882578833
8.61181930647069	46.1217289843167
8.64747829099993	46.1236020020077
8.6576119162255	46.1127418850697
8.67939552287623	46.1104618897254
8.68580347529244	46.1022040808694
8.71481519621378	46.0980427881367
8.72440938311123	46.1104255196382
8.74234846984051	46.1222568627104
8.76002551800141	46.1015840740186
8.78300828572491	46.0940992178139
8.79981819014206	46.0947413613664
8.80602276397794	46.1013511180653
8.85203483215666	46.0756305916687
8.85450385171506	46.061586383601
8.84408267576705	46.0484548070336
8.83467102653533	46.051339303577
8.82860272712804	46.0464006663762
8.83551750902755	46.0437140698054
8.82911009560051	46.040728781552
8.82184488090867	46.0270067649717
8.80588280645667	46.0219542969969
8.79307795090225	46.0081367123293
8.78592206118048	45.9891495593741
8.79416760734189	45.9921992954951
8.8316220546295	45.987990073818
8.86849115967797	45.9606279816651
8.87835825475874	45.9566516758023
8.8947315779478	45.957772599159
8.89695158450944	45.9418374830926
8.89282490375726	45.9321295763513
8.90750050089086	45.9178139783028
8.914331919132	45.9177964797421
8.92408376036182	45.9057027172885
8.92153443141702	45.8957949878753
8.93193593426031	45.885041005576
8.93366204707874	45.8703980171829
8.94531508277587	45.8670213734534
8.92069127269134	45.8493822807461
8.91425502334369	45.8422425590974
8.91223920384612	45.8304652133456
8.92911495477359	45.8334361807253
8.93939895797772	45.8414412801781
8.956318367028	45.8434813771748
8.97010445236726	45.83238991957
8.98672957333046	45.8386578038745
8.99750199055457	45.8349365635065
8.99391708375023	45.8220489900791
9.01685996627512	45.8179950099155
9.02251009991764	45.8220543113014
9.03174469120686	45.8210055198512
9.03779412599318	45.8353064581017
9.03584810559319	45.8412984705868
9.05177272029784	45.854458568051
9.04915440073921	45.8626386802945
9.05478216633117	45.8735793793633
9.06633962128206	45.8754368619103
9.08908882703169	45.9007200045336
9.0769338127538	45.8993504912662
9.07656316786757	45.9115020769605
9.06777405112775	45.9106851703511
9.05895169672241	45.916571004309
9.05989375996086	45.9209658790373
9.04907552865727	45.920446698887
9.04270826992343	45.9275285771651
9.01930787542434	45.9284269635192
9.02246177055536	45.9371726922087
9.01216923335603	45.9438216744006
9.01726348950074	45.9491935140763
9.01398014713729	45.960593511124
8.98897140895351	45.9703421993039
8.99581693074462	45.9728568010016
8.99528638573782	45.980511785361
9.00804012715258	45.9806313899966
9.01141401969667	45.9880068636568
9.02842209246549	45.9936613167469
9.02265266255323	46.0167716101359
9.00757039809051	46.0297768124245
9.0095407628347	46.0373817696049
9.02300372416627	46.0530284964597
9.05019716512102	46.0623780659119
9.06018750905877	46.0606154804825
9.07829323327326	46.0653021618417
9.07904036209506	46.0759800635748
9.08955083058231	46.0870914057173
9.07294493356619	46.1185096136253
9.09997362349784	46.1266173009373
9.11225467141009	46.1346685169881
9.1209473090884	46.1345212951418
9.13451115122638	46.1532585077052
9.15680706708364	46.1623234905564
9.16121581883504	46.1707322923122
9.18394427350161	46.1706203775042
9.19469809559933	46.1792601653239
9.19807306612177	46.1870367603883
9.1948301479461	46.1936322121264
9.20229002756001	46.2084123577298
9.21873916855905	46.2143673617351
9.22104747951313	46.2292340875836
9.24840836643684	46.2337532028348
9.24901769369406	46.2558215744938
9.25304807504779	46.2618924815238
9.25031701692101	46.2663160037854
9.25698862487311	46.2693534752948
9.25875902463505	46.2784458190824
9.28485032256772	46.2970580888753
9.281537695126	46.3093733999617
9.29383931445826	46.3165729901631
9.29924402836516	46.3275460878534
9.29212299327642	46.3362402690396
9.29987527451531	46.3435957614694
9.29620008702492	46.3556867638833
9.28268969464635	46.3579985662169
9.27606201431165	46.367776083435
9.27506605215614	46.3737131665691
9.28437421546713	46.3851927171437
9.27579611298755	46.3949910163062
9.2818636937426	46.4015285159257
9.27994731774699	46.4146445804182
9.2754532260436	46.419517804422
9.26363660713323	46.4205189137993
9.24823463226089	46.4332933032408
9.24698327907011	46.4468065945425
9.26547644666664	46.4510949805915
9.27819838772034	46.4617348916849
9.27341988939799	46.4660052105517
9.27734750348322	46.4791696039723
9.27420187285282	46.4836249850868
9.28222849957948	46.4964791950499
9.31089895052439	46.5040582655106
9.35510504565591	46.504285989815
9.36322159374251	46.5093818676697
9.37334982907637	46.5039613757332
9.36844880054928	46.4942197637843
9.37640544851531	46.4846799044497
9.38528268998451	46.482312910251
9.38977345792135	46.473093473789
9.41165920301988	46.4668887107157
9.42407490839322	46.4761576989705
9.42457562933259	46.4887017089604
9.43418059601346	46.4979128116582
9.463548678608	46.5088763818875
9.46102513131185	46.4848487638733
9.44908526354451	46.4843813992928
9.44969144669823	46.4799850933579
9.46286254539399	46.480500188335
9.46557887115011	46.4695050963431
9.45927709960049	46.4633058025693
9.46069706657009	46.4422810979297
9.45445278719865	46.4209506001642
9.46170515598193	46.4118307081907
9.46879726531853	46.3889361022034
9.46122653359855	46.3834259029066
9.46118592974771	46.3758563107801
9.4962683755276	46.364437407112
9.50864653132207	46.3513289911227
9.51147847025526	46.336614880225
9.51844849854474	46.3270845073412
9.54956874510096	46.3023807651176
9.56009340696971	46.3061707820487
9.5782032634345	46.2954380088458
9.61035576408371	46.2945809645194
9.61867497209841	46.2873715909861
9.63467235034107	46.2860001613153
9.66864636489188	46.2958765188793
9.67728267820188	46.3035911142426
9.68829737105811	46.2936283186864
9.70983205454361	46.2918121752777
9.71448766333509	46.292892160634
9.7180876618362	46.3061712164409
9.72579969855036	46.3130966653654
9.72614141768444	46.3194929621161
9.71727567465088	46.3239658058133
9.72757836281292	46.332674760031
9.72294215763158	46.3407051696666
9.73688392100958	46.3507034829575
9.74350198937075	46.3518038839468
9.76494190059377	46.3375914621537
9.77752460277844	46.3347926579891
9.78469261975654	46.3408473741592
9.81831907612393	46.349675173644
9.83271628535098	46.3612506591416
9.84947211118802	46.3645780621124
9.86831921500649	46.3623584108236
9.88383024535433	46.3734319652297
9.90637966578477	46.3807595857121
9.92526180389932	46.3659464694501
9.93446136089246	46.3748486796648
9.95275914491469	46.3793013787355
9.95902327705391	46.3782345638051
9.9557037325845	46.3736379854844
9.96445503025087	46.363774172682
9.98514107528746	46.351625559354
9.99628773065893	46.3511701965577
9.99592445195803	46.3422093680991
9.97997746920281	46.3231322857552
10.0000552649605	46.3131759008289
9.99625943372748	46.3073353130822
10.0007606221216	46.3015337592601
9.99169536326345	46.2962854814063
9.99590738396763	46.284943195937
10.0312065932256	46.2770402653537
10.0555242574613	46.2658411760049
10.0606172559646	46.248260462723
10.0537303218389	46.241818815415
10.0536770517425	46.2358244742631
10.0439429971554	46.2296387003981
10.0708306515874	46.2171554786035
10.0885662699048	46.2277981882696
10.1323003901861	46.2248787958106
10.1457037932143	46.2306065649036
10.1508507804662	46.2396428925388
10.1765028920565	46.2582769117318
10.1634077908337	46.2712969141888
10.1624231474508	46.2822450667994
10.15441331922	46.2854417588535
10.1542132644062	46.2927865155552
10.1165953237369	46.3140865109677
10.1045191815409	46.3330905805916
10.1059440892446	46.3421969030502
10.1085585460475	46.3524123905382
10.1291016691224	46.3608680955474
10.1272354191196	46.3774605614669
10.1426085580713	46.3862240759581
10.1619296130337	46.3874524605984
10.1618480460059	46.4029917662826
10.1668839116572	46.4073848125337
10.1611579602046	46.415421709515
10.1476529577178	46.4142256024142
10.1431841086739	46.428322490429
10.1289254196636	46.4317418961256
10.117212286674	46.4260331698524
10.1085937600066	46.4281267072182
10.1006944245557	46.421342403206
10.0807996156214	46.4210605802496
10.0771770694066	46.4282028658562
10.0603057202241	46.4283905995406
10.0562650980761	46.440869167068
10.0420534807867	46.4427235065465
10.0391547071964	46.4469440044058
10.0418509106902	46.4523193052729
10.0543438711779	46.4646302159497
10.0428410337963	46.4800577154261
10.0484758062475	46.4878149137552
10.0448001695995	46.4930628016683
10.0490360854902	46.4996067841354
10.0423722928811	46.510125373317
10.0514216515587	46.513300274045
10.0539911027659	46.5225883668976
10.0504843493913	46.5288525981208
10.0535276619108	46.5316705619833
10.0439581786837	46.5401180152286
10.0467532866902	46.5440471184182
10.0616224707675	46.5457753641824
10.0717013885923	46.5590386773936
10.0823812793421	46.5635536011083
10.0853949474573	46.5672286594955
10.0786602777723	46.5751250176252
10.0955767223821	46.5773424927724
10.1007414064451	46.5827518970694
10.0970075589666	46.5934663687216
10.1023501094559	46.610719503794
10.1276410983019	46.6050825656997
10.1927506307688	46.6259354613603
10.2153152327275	46.6169501800006
10.2241723519344	46.6291259836763
10.2388766951571	46.6353522597694
10.2447744044919	46.6221685670503
10.2588760679905	46.6104437832192
10.2420747874001	46.5922089846518
10.2460575580437	46.5750088031498
10.2541196682241	46.5712462712722
10.2695203854551	46.5776653717217
10.2874589331952	46.5703447044509
10.2960231117879	46.558987285755
10.2960639851333	46.5499757630338
10.3114788059142	46.5467018671059
10.3254591070179	46.551745766695
10.338176197169	46.5427260594852
10.3501540636729	46.5494138793606
10.3518500829293	46.5558561954155
10.3704695536548	46.5539364608965
10.3971150222862	46.5439435034802
10.4182508537856	46.5513347622997
10.4527897289871	46.5307090085816
10.4591047057714	46.5413041907171
10.4712267518783	46.5426238013498
10.4777540005643	46.5573738600417
10.4746860742059	46.5666534907526
10.4846945641124	46.5774328916623
10.4878242047308	46.5895380038371
10.4837629213313	46.5921557107761
10.4873298618299	46.5980591005582
10.4844755548462	46.6050650999752
10.492294131753	46.6151164031556
10.4461257567149	46.6412769076738
10.409249105818	46.6349718048586
10.4013022494886	46.6371814654247
10.4002343322788	46.6458364778445
10.3909743186671	46.6589046596429
10.3923623056126	46.6716063142452
10.3817965009038	46.684304861234
10.3932954755297	46.6892074814444
10.4033021688056	46.7055038710867
10.4160112639508	46.7090198042562
10.4187611866985	46.7190186061658
10.4006210570086	46.7337316860744
10.4426021150129	46.7538395878618
10.4416847554448	46.7718638943465
10.4227059586057	46.7882430863143
10.4295438447168	46.7967800597704
10.4506745558191	46.8041350996298
10.4578297268886	46.8165576166614
10.4559242205079	46.8220042704706
10.460393608541	46.8245409033806
10.4565903212911	46.8301893190435
10.466459302834	46.8358478954314
10.4638636208205	46.8412952985981
10.4714916650556	46.8493110984391
10.4695784331635	46.8548381030011
10.4707669941159	46.8553930082468
10.4806799931077	46.8585049909701
10.4990969835681	46.8471149689805
10.5548193908105	46.8485371028407
10.5457833271991	46.8373303040035
10.6675135821925	46.8755573086498
10.6965919581079	46.862582975584
10.6944529795849	46.8519299936821
10.7541979528381	46.8331450047107
10.7633624755351	46.8232721101481
10.7438470251453	46.8028599832568
10.7263170311964	46.7979250097726
10.7307143743437	46.7881312658382
10.7576519751055	46.7851170075604
10.786472983692	46.7961519811894
10.814082973444	46.7751069585126
10.8403896873818	46.7814970911942
10.8828420015842	46.7631099931542
10.9237219945447	46.7753129964943
11.0220918300692	46.7657476718905
11.044048003086	46.8007449709842
11.0390150120436	46.804995019031
11.0834259230599	46.8224389143099
11.0702879721982	46.8383399997474
11.0713329823682	46.8536269730547
11.1013529723644	46.889270000979
11.0961200163398	46.9123800190005
11.1090849516779	46.9158530013745
11.1148219524084	46.9313180086804
11.1388400284968	46.927389968385
11.165087812952	46.9406543754746
11.164438061507	46.965843909169
11.1955680098683	46.9703850022274
11.2073750168051	46.96233499208
11.3201649685964	46.9921579855568
11.3373999558059	46.9848829862568
11.3588926879677	46.9908397828874
11.3825449700724	46.9705030024896
11.4054799474228	46.9647499874541
11.442932957406	46.9767799959389
11.4789379729826	47.0108729792187
11.5127449907221	47.0050800174496
11.5377370202416	46.9840749731967
11.6268920274131	47.0131679993192
11.6653586963629	46.9918114802656
11.7120456688145	46.9931134829383
11.7274902238314	46.9725307886543
11.7469444091188	46.9688888589245
11.7643157605885	46.9726684602944
11.7818857295676	46.9924370876547
11.8363442072052	46.993123899322
11.9166981500436	47.0331710879668
11.9473899900408	47.0334019741409
11.9792870098232	47.0499729633635
12.0211577547106	47.0472516027153
12.043426990604	47.0613949812609
12.0767570029276	47.059018010695
12.0943099937478	47.077181992334
12.1188710115939	47.0733249867252
12.1859595326317	47.0921462069567
12.2269782254721	47.0820988796431
12.2407452665274	47.0691683828419
12.2165592953123	47.0586841174583
12.2047170744164	47.0268802646105
12.1644137100367	47.0188507034218
12.1474116559803	47.0248999774824
12.1211998041365	47.0070211002276
12.127507504567	46.985513761115
12.1381950309967	46.9819851134943
12.1319184122751	46.9623199102777
12.1686793601633	46.9372985594551
12.144177990452	46.9140191852544
12.1903478027946	46.9061149866464
12.2162728225682	46.8738823928522
12.2422183239303	46.8910790643247
12.2741645713902	46.8843829902923
12.275888528252	46.8725844890619
12.2918419788773	46.8651929934325
12.2961377225659	46.8434640160913
12.3067068510412	46.8413134868182
12.2824630283219	46.815003568029
12.2926194707557	46.8025136668352
12.2802610778974	46.7919685190008
12.2838363727282	46.7829389848192
12.3574264506348	46.7749644725436
12.3790881559015	46.7204701166544
12.4422823005196	46.6885343973539
12.4738450571848	46.6867906127053
12.4809212663408	46.6769501582502
12.5159742473794	46.6785149715446
12.5648862569583	46.6517197733772
12.6190479312261	46.6617572989622
12.6417580602609	46.6518627700998
12.6906424915605	46.6569758722982
12.715926922705	46.6492089754486
12.731395822066	46.6342958863105
12.7564232452077	46.6471931983275
12.784372618474	46.6450057164282
12.8189880301377	46.6281833068673
12.8312710543436	46.6313044845382
12.8372865328122	46.6272573936126
12.8336837495337	46.6098909802202
12.8527140198386	46.604614260155
12.927877946123	46.6105619581674
12.9488920559013	46.6022458854222
13.0466231892588	46.5953032859468
13.0837421157877	46.6020567763518
13.1686047030371	46.5889036828834
13.1932290521108	46.5723479669403
13.2173525904136	46.5704977970991
13.2397899909281	46.551700669416
13.2694726635352	46.5612598985624
13.3205735081354	46.5512327057131
13.3447230077499	46.5700009700488
13.3704903731911	46.5669937878249
13.3722403811961	46.5792770825632
13.4098573337186	46.5720600708265
13.4075018612121	46.5614952891866
13.4265844134665	46.5576033993375
13.4747245007218	46.5573485958349
13.5042521241108	46.5663076948621
13.5053888522713	46.5559271100729
13.519885954158	46.5469053793001
13.5609529763607	46.5518893981901
13.5709177183128	46.5388509902834
13.5973815475938	46.5456906584383
13.6804148055986	46.5216895766256
13.7136867867549	46.5229971165396
13.7140784522188	46.5229897611748
13.7140612045653	46.522699810663
13.716602179178	46.5067563940467
13.7024979105651	46.498745705575
13.7031547587008	46.4847992194594
13.7101518262804	46.4817920797674
13.6936499541741	46.4678835052086
13.6988326943743	46.4568031857278
13.6892561144565	46.4399843780302
13.6546459130214	46.4394593043777
13.649038629018	46.4467061984683
13.6163180337831	46.4392543992336
13.5977454551154	46.4393783947951
13.5823663872828	46.4311456655852
13.5779210740994	46.4087141782065
13.5655371690871	46.3979704875505
13.5415523306641	46.3914729590805
13.5386886812014	46.3860951881546
13.5274927083209	46.3881423614393
13.516921962878	46.3829729740417
13.5169514276194	46.3767844702167
13.4862493468279	46.3704907616095
13.469753313771	46.3610256840515
13.4387471532559	46.3600051943388
13.4369880722665	46.3543079933315
13.4482615697561	46.331132276315
13.4389889797304	46.3223227615988
13.4255163165937	46.3225219643396
13.4159518639322	46.3166274029299
13.417664951179	46.3055188175367
13.3754695551479	46.2976969962325
13.3800055981751	46.2889400765742
13.3865483877154	46.2907090772677
13.392424806978	46.2824441050018
13.3935778844767	46.2659884190119
13.4056540266727	46.2438446784799
13.4228642203804	46.2345293018755
13.4113532083297	46.2273772798239
13.4166559634519	46.2227110887339
13.409087118194	46.2150736193284
13.4233556886724	46.2060545706281
13.4462556317267	46.2127337721425
13.4460109306433	46.2257811790975
13.4848767210738	46.224458859357
13.4969260036427	46.2218498614741
13.4972202018983	46.2175120713686
13.5029288158658	46.2156704689105
13.5290686228238	46.2189043584065
13.5294694511036	46.2121700854315
13.5454610801284	46.2122394587443
13.5619241450144	46.2042204797335
13.5669885770916	46.185764878617
13.5778920585157	46.1853580145224
13.5920821162382	46.1931001054719
13.5898526773661	46.1882838613017
13.6127187539342	46.1892933125818
13.6145806021921	46.1843262877142
13.6336132081167	46.1917911770425
13.655314978245	46.1860002141017
13.6666823496818	46.174043971739
13.6536576763774	46.1613411075566
13.6547913502659	46.1514700750502
13.6444472497693	46.1376105058827
13.6012982920641	46.1127433796685
13.5963556715394	46.1045521830487
13.5831507063574	46.1005259851443
13.5727685172927	46.0884605175344
13.5445368933641	46.0830947755107
13.5301666335956	46.0665479081839
13.4965071192257	46.0585021987121
13.4963188323422	46.0483069184412
13.5084890281484	46.0459483162098
13.5086524316986	46.0349481774308
13.496934717301	46.016465057725
13.4796187020528	46.0115158164677
13.4761638713016	46.0060817591973
13.5016313791009	45.9804561029477
13.5137518082404	45.9798769900449
13.5305920757141	45.9662531992128
13.5422681082825	45.964808874437
13.5516617912086	45.9705421179376
13.5685123893081	45.9687174122023
13.577627414833	45.9831681834123
13.5907621317597	45.9900855811069
13.6184236848091	45.9832151865587
13.6335566142538	45.9891267156772
13.6429803907419	45.9828895968791
13.6328561978268	45.9492725877459
13.6379997714806	45.9351653969885
13.6179763237976	45.9156058038308
13.6089238210164	45.899212269011
13.5930493323046	45.891414376215
13.5864952239917	45.8819167063994
13.5932562143146	45.8746775900388
13.5751655817969	45.8534993578825
13.574595421086	45.8423425617014
13.5885613491452	45.8353537118026
13.5971684672084	45.8196165747961
13.5958728270742	45.808122172532
13.6237528504006	45.8001626957264
13.6240572894504	45.7960468704489
13.6374739875448	45.8013663779672
13.6376606574608	45.7981480667677
13.6693617546798	45.7997020079631
13.6745967768295	45.7906438599004
13.6792912826728	45.7942362795169
13.7100009093126	45.77404139889
13.7351361302884	45.7634629002295
13.735547468857	45.7595807046055
13.7459378325908	45.7553048754562
13.7622769299675	45.756225915563
13.7655651232335	45.7508925095797
13.7944115541426	45.7440860826271
13.8107828112065	45.7232701143232
13.8339244909037	45.7071845840299
13.8336426893991	45.6870943006224
13.871244909551	45.6561024689991
13.9186552953009	45.633517313977
13.8690480795236	45.6093407931052
13.8653768446205	45.5963892642779
13.8534031103669	45.592137783489
13.851120670893	45.5846905673292
13.839049110105	45.5822442193627
13.7870974710993	45.5828430692456
13.7469231047944	45.5979189667804
13.722822322952	45.5947253819941
13.7228223	45.5947254
13.7344971	45.6105793
13.7854571	45.5978372
13.8137752	45.6145796
13.8002594	45.6099561
13.7737088	45.6124964
13.7757112	45.6355706
13.744243	45.6391242
13.7694577	45.6529985
13.7532808	45.6805279
13.6318157	45.7701627
13.5595178	45.7768103
13.5635093	45.7834128
13.5570587	45.7824043
13.5424148	45.7995615
13.5389341	45.802222
13.5342435	45.8043746
13.5481157	45.7902408
13.5309631	45.7854923
13.5462153	45.7870973
13.5521975	45.777876
13.5259312	45.7711528
13.5162609	45.7443225
13.5525286	45.7242768
13.4851644	45.7040308
13.4076401	45.7256763
13.3846619	45.7158507
13.3141255	45.7490158
13.2293341	45.7544745
13.2212506	45.7720322
13.1565099	45.7681963
13.1646131	45.7553757
13.1435599	45.7511636
13.1296436	45.7722587
13.0665358	45.7157731
13.0760127	45.6984076
13.0738564	45.6998152
13.0628488	45.6961311
13.0997843	45.6856596
13.1461758	45.7029924
13.1545249	45.6983596
13.0973444	45.6354916
12.9106177	45.6151977
12.7360309	45.5316008
12.4676641	45.4449727
12.4273139	45.4176561
12.3865533	45.4202336
12.3338395	45.3589393
12.3292603	45.3374355
12.3452062	45.329218
12.3246512	45.3287759
12.3060119	45.2827822
12.2975925	45.2460156
12.3146183	45.2336535
12.2996604	45.2167303
12.3328732	45.1649018
12.3369326	45.0947261
12.3091195	45.1041746
12.3160593	45.1203163
12.3002672	45.1211779
12.2915339	45.0802847
12.3732438	45.0533021
12.3832228	45.0365366
12.3579578	45.0210327
12.3759364	45.0118681
12.4106596	45.0360446
12.553415	44.9646682
12.509544	44.9309157
12.4553001	44.8377241
12.432834	44.851939
12.4414843	44.8945015
12.4003096	44.8905127
12.3864823	44.8690351
12.4051526	44.8515772
12.3929223	44.8309325
12.4215704	44.8124038
12.3892898	44.7852452
12.3422027	44.7853611
12.3125646	44.7920808
12.3820291	44.7855327
12.3683414	44.7910327
12.3870006	44.7878226
12.3938929	44.7914667
12.2931764	44.8485485
12.2521688	44.8131916
12.2763549	44.8172642
12.2599656	44.8027313
12.2853819	44.8174963
12.2485097	44.7630358
12.2413125	44.6863051
12.2822114	44.5964752
12.2839121	44.5012599
12.3140055	44.4977448
12.2628171	44.4897762
12.2388392	44.4388534
12.2092203	44.419515
12.2467129	44.4399292
12.2760691	44.4905749
12.3142775	44.4951352
12.2859495	44.4864053
12.2894856	44.4624229
12.3559768	44.2674244
12.3920104	44.2133005
12.5341272	44.091317
12.5767895	44.08184
12.715161	43.9694733
12.7971812	43.9653005
12.9038982	43.9163645
12.9057002	43.9277775
13.2935544	43.6756558
13.4576681	43.6098113
13.5042249	43.6131686
13.4938852	43.625536
13.506913	43.6305568
13.575974	43.5686609
13.6256072	43.5504491
13.6246498	43.4997265
13.8441753	43.1011254
13.9467162	42.7990346
14.0618968	42.6185616
14.2065329	42.4781197
14.4324809	42.3550789
14.4087736	42.3576143
14.5096825	42.2515747
14.6058854	42.2035395
14.7122716	42.180203
14.7178573	42.1066285
14.7409316	42.086703
14.8908887	42.0238554
15.0047449	42.0064866
15.0034074	41.9918649
15.068477	41.9445396
15.1683489	41.9219806
15.511593	41.9038888
15.6196424	41.9292843
15.7243772	41.9150687
16.0119528	41.9503234
16.0612024	41.9489731
16.150269	41.9101459
16.1864396	41.8834328
16.1766771	41.8554039
16.1999353	41.8260966
16.1894471	41.7747283
15.8995796	41.6113341
15.9039746	41.5346787
15.9557638	41.4622124
16.2587451	41.3299496
16.294012	41.3218262
16.2949374	41.3338386
16.3028672	41.319062
16.4241852	41.2848099
16.4532376	41.2597878
16.5910635	41.2146781
16.5821318	41.2082597
16.8099402	41.1401713
16.8527003	41.1422058
16.8536248	41.1289705
16.871204	41.1397904
16.8550533	41.1435709
16.8478662	41.1478833
16.8684081	41.1430607
16.872631	41.1401843
16.871707	41.1301828
16.8774553	41.1283564
16.8790912	41.1276284
16.8796824	41.1267452
16.8741505	41.1280109
16.8727188	41.1259526
16.8791086	41.1225723
17.1014042	41.062524
17.307934	40.9569639
17.3500088	40.9056542
17.4962932	40.8215539
17.7082613	40.7579395
17.8395163	40.690961
17.9357149	40.6863099
17.9579988	40.6605094
17.9604836	40.6628487
17.9671736	40.6639234
17.9707148	40.6626366
17.983827	40.6638375
17.9965777	40.6631662
17.9269525	40.6400289
17.9496163	40.6330496
17.9993739	40.6558918
18.022974	40.6416324
18.0153258	40.6274196
18.0452809	40.5972941
18.0455865	40.5557013
18.1265955	40.4931898
18.2339336	40.4491855
18.4228543	40.2947271
18.4874108	40.1480981
18.5171138	40.1347928
18.5188369	40.104269
18.4140249	39.9914798
18.390363	39.9076682
18.3909362	39.8174237
18.345887	39.7895944
18.2699289	39.83443
18.1712159	39.8498076
18.0480245	39.9283897
17.9936147	39.9987158
18.0177845	40.0068062
18.0160008	40.0341783
17.9721843	40.0544486
18.0019223	40.0666785
18.0098889	40.1091408
17.9253154	40.183927
17.9044532	40.256332
17.8598648	40.2843599
17.6808366	40.3045671
17.5087678	40.2946444
17.2033296	40.4078812
17.2556364	40.4427138
17.2365601	40.4751882
17.3206597	40.4731829
17.3266416	40.4911349
17.3112656	40.5008089
17.2703357	40.4799034
17.2676571	40.4979819
17.2472203	40.4992155
17.1941438	40.4717981
17.1739699	40.4764724
17.1780762	40.4963816
17.1551989	40.4965693
17.1626791	40.5060997
17.1446039	40.4948597
17.1503354	40.5070017
17.1309941	40.5168474
17.0726081	40.518334
16.9919666	40.4931815
16.9022362	40.4356445
16.768605	40.2908194
16.7361468	40.2049839
16.7311581	40.206662
16.7196594	40.2061769
16.7275112	40.2010625
16.7316962	40.205384
16.7355606	40.2041032
16.6055033	40.0794124
16.5992757	40.0372148
16.627258	39.9571969
16.501244	39.8242901
16.4882691	39.7631994
16.5305377	39.7240428
16.522919	39.6594109
16.5291904	39.6712095
16.622415	39.6213323
16.7735888	39.6195843
16.8667587	39.5386255
17.0221251	39.483912
17.0617367	39.4336319
17.1567921	39.4011958
17.1105717	39.3133412
17.106606	39.2541181
17.1488818	39.2042285
17.1070943	39.1116043
17.1144022	39.0890586
17.1354121	39.086699
17.1409207	39.0518243
17.2059232	39.0247126
17.1638923	38.9937957
17.1693919	38.9531228
17.094179	38.8924655
17.08436	38.9125674
17.02177	38.9057536
16.9800387	38.9381759
16.9019534	38.9300732
16.7822682	38.8979529
16.6054951	38.8115531
16.5349708	38.7134807
16.5582102	38.6825977
16.5713896	38.5915961
16.5832483	38.4567739
16.5716817	38.4270362
16.4725515	38.3434374
16.3361287	38.3006321
16.2882205	38.2591099
16.164148	38.1339524
16.1448166	38.0312234
16.0632502	37.9245378
15.7615996	37.9168234
15.6780752	37.9542214
15.6337566	38.018289
15.6572926	38.0399803
15.6303	38.0931343
15.6569559	38.1365794
15.6339751	38.1867081
15.6353434	38.2312848
15.797462	38.2828064
15.9191044	38.473673
15.9107578	38.4725457
15.8988781	38.4467423
15.8918287	38.4454778
15.9303036	38.547586
15.8266163	38.6189195
15.836343	38.6461353
15.9867188	38.7229947
16.1366112	38.7182621
16.1880351	38.7555963
16.2213537	38.8597397
16.216083	38.9250471
16.1579461	38.9501226
16.0988817	39.0306283
16.0664941	39.1331455
16.0507523	39.2994429
15.9986441	39.4366256
15.9254182	39.5263428
15.8743487	39.55363
15.8318775	39.6681086
15.8144011	39.6777613
15.7690098	39.8361182
15.791993	39.8548488
15.7798411	39.8923833
15.7110738	39.9882257
15.6801089	40.0066382
15.676725	40.0301765
15.6323147	40.0505967
15.626558	40.0737394
15.5719056	40.078265
15.5036985	40.0641867
15.4198955	39.9906218
15.3535747	39.9997601
15.3148564	40.0317695
15.2712106	40.0223296
15.2855465	40.0348216
15.271897	40.0740505
15.205689	40.1230936
15.1792104	40.1246515
15.1325014	40.1711012
15.0395491	40.1701164
14.9923215	40.2182281
14.9086752	40.243672
14.9434519	40.2754552
14.9461943	40.3367693
14.9958979	40.3546611
14.9993755	40.3889048
14.8911924	40.5692935
14.7900011	40.6646481
14.7572183	40.6777322
14.7520572	40.6751475
14.7554825	40.6718863
14.7499076	40.6650249
14.7484383	40.6642149
14.7438833	40.6634725
14.7550125	40.6720609
14.7475395	40.6776966
14.6919399	40.6332374
14.6261794	40.6488067
14.5720274	40.6112669
14.5280798	40.6068048
14.4863232	40.6274151
14.3246265	40.5690447
14.3394625	40.6280467
14.4013409	40.6382495
14.4034981	40.6561556
14.4792609	40.6958865
14.462133	40.7447309
14.3957792	40.7593079
14.2740559	40.8446165
14.2520933	40.8361977
14.2724676	40.8331815
14.2762126	40.8301271
14.2254958	40.8304635
14.1877858	40.7922148
14.1060989	40.8315336
14.0716133	40.8185543
14.0894937	40.7777127
14.0388719	40.7911105
14.0450733	40.8622119
14.0073914	40.9417765
13.9220963	41.0240755
13.8944125	41.0910216
13.8306636	41.16844
13.7383842	41.23814
13.6213126	41.2607616
13.5725174	41.2384606
13.5718433	41.2152745
13.5781923	41.2172798
13.58967	41.2070939
13.5496911	41.2065838
13.4047315	41.2721695
13.282505	41.2989423
13.2606914	41.2823067
13.1461417	41.2701524
13.0958212	41.2242211
13.0455881	41.2269017
12.9953219	41.3181539
12.9215839	41.3807306
12.8456415	41.4135215
12.7651003	41.408353
12.6661379	41.4572176
12.6227203	41.4435742
12.5407221	41.5475516
12.4353393	41.6432403
12.35255	41.6963977
12.2225413	41.7440004
12.2057645	41.8270056
12.1379341	41.9181503
11.9157262	42.0393042
11.8332486	42.0302785
11.8068788	42.0803604
11.7995841	42.0864369
11.7868491	42.0886857
11.7786189	42.0935296
11.7631063	42.1063872
11.7872684	42.0894111
11.7905311	42.0915461
11.7530703	42.122112
11.6957092	42.2351321
11.6236444	42.3004564
11.4856868	42.3660789
11.2729474	42.4186187
11.2109002	42.4093889
11.213139	42.3880435
11.1856355	42.3629061
11.153163	42.3610713
11.0960708	42.3929193
11.087064	42.4298798
11.1035289	42.4466708
11.1578085	42.4331249
11.178615	42.4527961
11.1922964	42.4999365
11.1819566	42.5337211
11.1567872	42.5627667
11.1224579	42.5569918
11.085326	42.6268199
11.0139916	42.6568153
10.9879848	42.7151803
10.9570037	42.7337327
10.7295203	42.801519
10.772919	42.8316486
10.7689165	42.8692027
10.7860112	42.8892561
10.7720018	42.9104447
10.6456876	42.9531632
10.5616585	42.9510183
10.5436771	42.920772
10.495454	42.9315057
10.4833829	42.988402
10.515179	42.9975354
10.5379468	43.0944212
10.5236444	43.2464131
10.501586	43.2908164
10.4581104	43.3231154
10.4254357	43.399615
10.4040157	43.4009755
10.3789841	43.4490802
10.3301003	43.4741177
10.2937276	43.5417442
10.3038663	43.545
10.2954262	43.5567182
10.3181868	43.5731344
10.3200008	43.5843665
10.30936	43.5710994
10.303644	43.5818553
10.3050851	43.5664022
10.290583	43.5577769
10.3007084	43.5752033
10.2681995	43.6773677
10.2826786	43.6867489
10.2801579	43.7339248
10.2395773	43.8695801
10.115006	43.9970305
10.0063832	44.0499142
9.96368620000001	44.0373777
9.85158500000001	44.110152
9.8107139	44.1018816
9.8512455	44.0667246
9.83227349999999	44.0480186
9.6756044	44.1394898
9.63421339999999	44.1337744
9.60627880000001	44.1714687
9.4882378	44.2390694
9.40343680000001	44.2519385
9.37534070000001	44.2914328
9.23433930000001	44.3481645
9.2137739	44.3337037
9.21761519999999	44.2985403
9.14510220000001	44.3223512
9.1553927	44.3451542
9.1407787	44.3609331
8.9384078	44.3922612
8.9240355	44.4141386
8.91653509999999	44.3985576
8.82184909999999	44.4148824
8.8229666	44.4177868
8.8410319	44.41518
8.85186010000001	44.4190792
8.83577320000001	44.4239147
8.74366219999999	44.4270218
8.50326489999999	44.3263997
8.4514117	44.2882723
8.44019040000001	44.2721904
8.45641079999999	44.2582981
8.4158657	44.2212139
8.42460169999999	44.1947425
8.2702305	44.1400442
8.2311339	44.09112
8.22630550000001	44.0439686
8.1632441	43.9924443
8.173759	43.9546525
8.07271319999999	43.8910706
7.83301359999999	43.8163105
7.70054200000001	43.7988432
7.67281630000002	43.7756906
7.5825877	43.7924025
7.52997300000001	43.7841928
7.52997201614383	43.7841937838562
7.49757867245321	43.8708041658263
7.56156117856463	43.8989884069115
7.56933681600091	43.9475630681894
7.65263354987853	43.9738598782571
7.67052053432134	43.9984063136377
7.6625268757656	44.0288364800205
7.70049246444987	44.0406977795314
7.71503942283479	44.0656269621927
7.71804428746017	44.0842970073527
7.66642601325632	44.1307510171561
7.68448412676075	44.1739612979299
7.63109078155548	44.175622077134
7.61986426595525	44.149514788171
7.56419899156492	44.1555109207443
7.42977401447093	44.1302259800652
7.42510241566739	44.1120766099331
7.39290320262342	44.1251486828395
7.35838992940754	44.1160364121502
7.34462809858095	44.1452066918945
7.28028994944855	44.1409612641882
7.18833022229699	44.2007618617685
7.00851400271714	44.2352416920958
6.99607817508143	44.280084775166
6.95760090601133	44.2952983036662
6.92186161209569	44.351656995348
6.88734501511327	44.3614235903313
6.89294232781709	44.4209720944288
6.94807696736909	44.4297010025596
6.87669809253435	44.4812689958109
6.85450665074463	44.5288607026477
6.93433121638608	44.5743719707871
6.93879844846248	44.6040924828647
6.96842874928846	44.620260384032
6.94792829618957	44.6538596085455
6.9629495650445	44.6782241145279
7.02372930767345	44.6912986110004
7.07712858175959	44.680919564161
7.06577845797627	44.713603858693
7.02844456459979	44.7296843847682
7.02159122746571	44.771399087708
7.0000792713569	44.7890465756167
7.02323756988692	44.8222895135131
6.93377075748032	44.8636300072718
6.90679991905297	44.8432821623042
6.8645314899893	44.851410279399
6.75120596262565	44.9061459589783
6.76076655253148	44.933552588603
6.74380797693481	44.9367629837382
6.76532702973437	44.9621249867354
6.73789400809334	44.9893385803665
6.74826514788003	45.0161651670321
6.67340503182474	45.0197641884618
6.66323861809131	45.0721210856775
6.62732091876024	45.1056682008542
6.68042105385677	45.1402969029891
6.74014958794024	45.1366709931333
6.76824439845108	45.1597649966774
6.84779659489838	45.127325296322
6.89439750874583	45.1373551184127
6.89159754983676	45.1670208050523
6.94724746303574	45.1704257854147
6.96577081402581	45.207875806023
7.04721701841815	45.2257280773378
7.0719992913188	45.2098731909051
7.13740293220969	45.2562140144745
7.10939498878682	45.3277093806077
7.1637349786385	45.3605341066414
7.18517363222012	45.4058231612998
7.11458698163445	45.4330789066696
7.10361891134146	45.4680215051849
7.04861668346234	45.4724469834199
7.05259217775221	45.4957633095255
7.00228598285234	45.5032813710238
6.99525765390092	45.5757034197236
6.97799203414014	45.5882143884842
7.0009683339936	45.6397708166487
6.91613359451803	45.6511760823275
6.90305286633985	45.6806606846441
6.84732614718408	45.6896740032342
6.80800670753511	45.7273540625489
6.81810197469805	45.8358763788701
6.86817065503679	45.8286246937972
6.88005904933836	45.8499394805215
6.94079881693716	45.8475447646496
6.99879315336463	45.8735549869441
7.00377664723481	45.8999395105157