-8.86450809999999	41.8715228
-8.88213320000001	41.881722
-8.876921	42.001849
-8.90083899999999	42.112247
-8.851505	42.128236
-8.8354671	42.1128672
-8.8221362	42.119882
-8.82253689999999	42.1123976
-8.81407550000001	42.1156091
-8.808454	42.110975
-8.79947440000001	42.1136946
-8.8185288	42.121863
-8.8251556	42.1197028
-8.82060500000001	42.141925
-8.85019180000001	42.1566048
-8.82276090000001	42.1570501
-8.81579910000001	42.1874658
-8.76262469999999	42.2312923
-8.7405643	42.2264798
-8.64697440000001	42.2903042
-8.63045760000001	42.2848613
-8.6107732	42.2874001
-8.6158984	42.340504
-8.61190399999999	42.34534
-8.60224790000001	42.3424997
-8.59910430000001	42.3454972
-8.59357400000001	42.344122
-8.590098	42.346547
-8.584589	42.342421
-8.583206	42.342288
-8.581108	42.345617
-8.57972799999999	42.345099
-8.57939000000001	42.343814
-8.57756269999999	42.3428221
-8.5743273	42.343901
-8.58076	42.346
-8.58425559999999	42.3429279
-8.58938400000001	42.3471862
-8.61330139999999	42.3462553
-8.61724180000001	42.3495061
-8.62608699999999	42.3459
-8.63394049999999	42.3540008
-8.65856100000001	42.291459
-8.71233860000001	42.2755806
-8.7312521	42.2867575
-8.79249899999999	42.246475
-8.81419219999999	42.2596365
-8.87284260000001	42.2498634
-8.85577060000001	42.3098144
-8.831631	42.278395
-8.81712750000001	42.2789798
-8.83897940000001	42.3389053
-8.7922395	42.3271336
-8.75526629999999	42.3399696
-8.73679609999999	42.3766748
-8.6953749	42.3948306
-8.6964607	42.4041463
-8.63580690000001	42.4339446
-8.6317879	42.4382864
-8.63327279999999	42.4457985
-8.62886969999999	42.4466472
-8.63310119999999	42.4469702
-8.6350553	42.4439322
-8.63499429999999	42.4356853
-8.67321809999999	42.4207087
-8.70446229999999	42.4343193
-8.77477819999999	42.3880628
-8.81357320000001	42.4007691
-8.83913100000001	42.384257
-8.88096600000001	42.414852
-8.87097670000001	42.4350941
-8.88434160000001	42.4564296
-8.94204659999999	42.4617935
-8.93736300000001	42.479321
-8.9080705	42.4754847
-8.8714056	42.5013041
-8.85552090000001	42.4728107
-8.86951680000001	42.4481604
-8.81963300000001	42.4516749
-8.824971	42.496401
-8.81874600000001	42.489975
-8.79112600000001	42.505071
-8.81801800000001	42.50178
-8.8361051	42.5624104
-8.8228919	42.5532091
-8.83067130000001	42.5752563
-8.77192969999999	42.5937157
-8.76833320000001	42.6073333
-8.77110549999999	42.6107915
-8.7789467	42.6140787
-8.77868600000001	42.6147275
-8.74161890000001	42.6484143
-8.723586	42.678176
-8.7254886	42.6894446
-8.747004	42.650511
-8.79999660000001	42.6363886
-8.82602959999999	42.6460407
-8.8131392	42.6655503
-8.84501280000002	42.6872982
-8.839811	42.660944
-8.86105699999999	42.645829
-8.83779900000001	42.632452
-8.85866700000001	42.626833
-8.85732300000001	42.606555
-8.8876501	42.6102047
-8.8929095	42.6142759
-8.8735238	42.6320528
-8.90208699999999	42.643048
-8.93720739999999	42.6070195
-8.919889	42.586853
-8.99005499999999	42.564422
-8.98311600000001	42.544273
-9.00984749999999	42.5171648
-9.042106	42.517574
-9.02980300000001	42.546581
-9.04387899999999	42.571986
-9.09149600000001	42.5765207
-9.04096999999999	42.636153
-9.03382679999999	42.6952345
-8.9258801	42.7855003
-8.88830540000001	42.7777863
-8.90142050000001	42.8023309
-8.8875069	42.8172163
-8.9015973	42.8279367
-8.9076013	42.8026575
-8.93145600000001	42.80733
-8.96284500000001	42.7786
-8.97446550000001	42.79131
-8.98169500000001	42.7779584
-9.01528480000001	42.7821553
-9.02033539999999	42.8010821
-9.06393579999999	42.7881183
-9.0481884	42.7691607
-9.0893662	42.7381943
-9.150685	42.798269
-9.10780839999999	42.817073
-9.10886010000001	42.840358
-9.149114	42.86962
-9.14289599999999	42.896576
-9.1332534	42.8970222
-9.1171215	42.9127578
-9.160389	42.91208
-9.19050920000001	42.9524343
-9.1832294	42.9160069
-9.20893800000001	42.91675
-9.23218920000001	42.941773
-9.23340760000001	42.9267233
-9.26316470000001	42.9186805
-9.269367	42.88095
-9.28057499999999	42.889906
-9.27540089999999	42.910225
-9.29696400000001	42.923229
-9.25781100000001	42.997238
-9.29900499999999	43.056166
-9.27076189999999	43.0449967
-9.24884800000001	43.071941
-9.25645699999999	43.091942
-9.22038380000001	43.0885183
-9.2190082	43.1141145
-9.18781399999999	43.089252
-9.158844	43.125482
-9.140626	43.126276
-9.1162012	43.1363822
-9.163755	43.127657
-9.16509819999999	43.1528145
-9.17939839999999	43.1236547
-9.204584	43.130286
-9.2141811	43.1615619
-9.186631	43.161113
-9.17339100000001	43.189877
-9.06056510000001	43.1846253
-9.01241000000001	43.23338
-8.99670920000001	43.2164517
-8.97906800000001	43.229272
-8.945025	43.228491
-8.94679100000001	43.215917
-8.92924	43.221296
-8.90762899999999	43.241042
-8.94360089999999	43.2221253
-8.952406	43.2635444
-8.99064199999999	43.275211
-8.95656000000001	43.294065
-8.92776399999999	43.282118
-8.9074035	43.2932819
-8.910494	43.321627
-8.8568782	43.3138307
-8.84131530000001	43.3451118
-8.78296799999999	43.302722
-8.70923800000001	43.289854
-8.60750099999999	43.322143
-8.53458599999999	43.3151467
-8.4969004	43.3489096
-8.53365590000001	43.3455799
-8.5235982	43.3531867
-8.4775283	43.3522382
-8.4398585	43.3815272
-8.4093682	43.3691166
-8.40063439999999	43.3899993
-8.37417380000001	43.3649603
-8.39823000000001	43.3696704
-8.40210030000001	43.3596521
-8.3947353	43.3641394
-8.3865222	43.3606885
-8.3866948	43.3349694
-8.3784955	43.3228581
-8.36312260000001	43.3194348
-8.3586439	43.3117327
-8.35524060000001	43.3101373
-8.35910410000001	43.3201273
-8.38473089999999	43.3416875
-8.34692530000001	43.3485695
-8.34976460000001	43.3968976
-8.3068005	43.4056622
-8.21157900000001	43.3295136
-8.22078169999999	43.308319
-8.215439	43.305883
-8.21955900000001	43.299752
-8.21811800000001	43.288707
-8.2129883	43.2848225
-8.20200699999999	43.325294
-8.22056790000001	43.3536396
-8.2035851	43.3598017
-8.2208903	43.3916363
-8.20530459999999	43.4092399
-8.1596557	43.4034162
-8.11850300000001	43.4252833
-8.1688549	43.4108061
-8.2384821	43.4292242
-8.24437969999999	43.4173575
-8.31664679999999	43.4449753
-8.2548267	43.4662702
-8.20182400000001	43.459892
-8.16936020000001	43.4806452
-8.17012860000001	43.4983581
-8.15676240000001	43.5027349
-8.15949229999999	43.5086082
-8.15360669999999	43.5115525
-8.15118610000001	43.5152707
-8.15134010000001	43.5175072
-8.20037089999999	43.4771479
-8.24858930000001	43.4761753
-8.2475703	43.49334
-8.26655099999999	43.467768
-8.31719859999999	43.4706617
-8.33036840000001	43.4531637
-8.3481026	43.4636788
-8.3193649	43.4958812
-8.33164110000001	43.5125632
-8.29614499999999	43.5368252
-8.325774	43.560132
-8.2607872	43.5576054
-8.18819719999999	43.6211446
-8.1503482	43.6171744
-8.09269100000001	43.666298
-8.08195299999999	43.651842
-8.0882395	43.6422943
-8.08728950000001	43.6395467
-8.08604599999999	43.638274
-8.047378	43.633427
-8.071407	43.648164
-8.05331290000001	43.648783
-8.05596919999999	43.6598181
-8.07529000000001	43.66
-8.062044	43.704799
-7.99978899999999	43.704784
-7.92199499999999	43.742825
-7.904899	43.768067
-7.85948400000001	43.763517
-7.8726117	43.7347544
-7.85024	43.71005
-7.87600100000001	43.72288
-7.869224	43.706903
-7.891219	43.68428
-7.87178710000001	43.6718996
-7.90545469999999	43.6713895
-7.87383890000001	43.6619072
-7.8430321	43.6715642
-7.86823949999999	43.6978056
-7.86002900000001	43.706812
-7.82969270000001	43.7030649
-7.83633500000001	43.688225
-7.80535299999999	43.6921491
-7.82770000000001	43.713927
-7.7242754	43.7501617
-7.68841100000001	43.790422
-7.66161799999999	43.776768
-7.688803	43.756298
-7.710174	43.709068
-7.68612330000001	43.7144335
-7.698133	43.734207
-7.636479	43.753119
-7.63006510000001	43.7218796
-7.60682570000001	43.7183257
-7.6146191	43.6813078
-7.5960826	43.6733239
-7.60118040000001	43.6580744
-7.59409509999999	43.6792072
-7.6033192	43.6823226
-7.5777144	43.6923437
-7.5859713	43.7074478
-7.58392209999999	43.7122749
-7.551695	43.716408
-7.55643280000001	43.7300471
-7.467652	43.724036
-7.4720088	43.7039347
-7.45980870000001	43.7127742
-7.45660500000001	43.69951
-7.356571	43.671427
-7.29569690000001	43.5946881
-7.246202	43.576637
-7.26514499999999	43.543823
-7.2420664	43.551684
-7.24558720000001	43.5708647
-7.03409830000001	43.5502257
-7.06256219999999	43.4951295
-7.04819480000001	43.4777932
-7.05289300000001	43.4731574
-7.0623134	43.4745075
-7.0704517	43.4704443
-7.07242129999999	43.4657782
-7.0792443	43.4650747
-7.0839991	43.4581584
-7.08958810000001	43.4559978
-7.09153089999999	43.4540348
-7.09104090000001	43.4536719
-7.05057700000001	43.4674841
-7.0308061	43.5291239
-7.0052783	43.5269278
-7.02889529999999	43.5569768
-6.97391000000001	43.55667
-6.94387000000001	43.57452
-6.80968099999999	43.554478
-6.73292370000001	43.5646408
-6.7261158	43.5421558
-6.73033410000001	43.5378501
-6.72941420000001	43.5354167
-6.73112630000001	43.5354881
-6.73334960000001	43.5342669
-6.73409409999999	43.5327206
-6.7333998	43.5315134
-6.73617199999999	43.5306807
-6.73633460000001	43.5301913
-6.7360865	43.5294149
-6.73699510000001	43.5299209
-6.73990989999999	43.5284076
-6.741072	43.5275139
-6.7411445	43.5270408
-6.74161839999999	43.5269318
-6.7417977	43.5267462
-6.74247470000001	43.524941
-6.7332342	43.5314087
-6.73342210000001	43.533949
-6.72905039999999	43.5354724
-6.72716220000001	43.5402067
-6.7365361	43.5133955
-6.73344070000001	43.5119737
-6.72465659999999	43.5112516
-6.73577690000001	43.5136687
-6.71055509999999	43.5641174
-6.62627659999999	43.5727869
-6.53542769999999	43.5417252
-6.47443040000001	43.5498475
-6.4755151	43.5633945
-6.46981390000001	43.5711497
-6.35364700000001	43.550472
-6.254662	43.578159
-6.24330099999999	43.595078
-6.18753200000001	43.579605
-6.1846681	43.5634403
-6.11316999999999	43.55504
-6.07718660000001	43.5703363
-6.08713869999999	43.5510425
-6.0769206	43.5395718
-6.0931614	43.5388308
-6.0940102	43.5363364
-6.07644739999999	43.520357
-6.0921586	43.5366217
-6.07409609999999	43.5378651
-6.07586829999999	43.5667362
-6.0287252	43.5862177
-5.9962198	43.5719635
-5.93075330000001	43.5918385
-5.92018109999999	43.5579813
-5.91564739999999	43.5539316
-5.9112071	43.5525779
-5.90791489999999	43.5529417
-5.91534470000001	43.5902062
-5.9479876	43.5971774
-5.91965450000001	43.6047189
-5.91338890000001	43.6242312
-5.86592449999999	43.6311895
-5.8401972	43.6603186
-5.82957029999999	43.6397473
-5.7835174	43.6314515
-5.79143869999999	43.6135094
-5.7559494	43.5815414
-5.71156620000001	43.568436
-5.69436390000001	43.5826205
-5.6756334	43.5867678
-5.69289289999999	43.5784916
-5.6759626	43.5710152
-5.68029590000001	43.5650477
-5.70125309999999	43.5661625
-5.67917940000001	43.541235
-5.6192792	43.5575292
-5.4931205	43.5442427
-5.4120694	43.5556171
-5.3852048	43.5343313
-5.2964575	43.5356727
-5.21633660000001	43.47576
-5.1227427	43.4851407
-5.0367493	43.4606799
-4.9261284	43.4623534
-4.83900420000001	43.4464529
-4.83696129999999	43.43335
-4.56652300000001	43.3916314
-4.37967650000001	43.3919519
-4.34066890000001	43.4058367
-4.32457949999999	43.3907754
-4.2195593	43.3946407
-3.8115741	43.4948962
-3.76329759999999	43.4671623
-3.82535800000001	43.4516975
-3.8153858	43.4370429
-3.83070380000001	43.4351005
-3.8039412	43.4262666
-3.82894300000001	43.4081181
-3.80722020000001	43.3946906
-3.7885223	43.3986424
-3.81383129999999	43.4044862
-3.7792528	43.4208104
-3.7912014	43.4323186
-3.77682140000001	43.4495008
-3.74607629999999	43.4515476
-3.7772444	43.458231
-3.59072070000001	43.5136234
-3.57995140000001	43.5120209
-3.586581	43.502139
-3.58619200000001	43.494427
-3.58958399999999	43.491796
-3.594754	43.483922
-3.59433200000001	43.482566
-3.59381100000001	43.482164
-3.58874500000001	43.482398
-3.589567	43.480159
-3.588982	43.478886
-3.583763	43.478075
-3.58380400000001	43.477598
-3.585332	43.477148
-3.58719600000001	43.476043
-3.587663	43.475533
-3.58753199999999	43.47249
-3.58664759999999	43.4714526
-3.58355	43.478058
-3.588848	43.478987
-3.58848499999999	43.48235
-3.59440900000001	43.483653
-3.58705599999999	43.490233
-3.58496999999999	43.49871
-3.585706	43.502379
-3.54984370000001	43.5089469
-3.5397163	43.5014225
-3.54013500000001	43.4958434
-3.54265399999999	43.495569
-3.543795	43.494915
-3.54339899999999	43.492829
-3.54500600000001	43.492514
-3.545919	43.491578
-3.54767899999999	43.491282
-3.549315	43.489048
-3.549979	43.487076
-3.54973700000001	43.486509
-3.54839100000001	43.48546
-3.54581299999999	43.485041
-3.548949	43.482311
-3.51295149999999	43.4920147
-3.505281	43.474794
-3.518131	43.475734
-3.518871	43.468729
-3.43089989999999	43.4619681
-3.42580989999999	43.4441802
-3.4606837	43.439181
-3.46036799999999	43.422144
-3.45006619999999	43.436034
-3.42475959999999	43.4131523
-3.323295	43.419046
-3.3205988	43.40278
-3.22820340000001	43.3964507
-3.19375609999999	43.3631696
-3.1256352	43.3531722
-3.1238446	43.3447565
-3.10923949999999	43.3336115
-3.1178054	43.3300404
-3.1217707	43.3274431
-3.12209580000001	43.3264013
-3.12096390000001	43.3239964
-3.12238460000001	43.3224962
-3.12240590000001	43.3216736
-3.11927310000001	43.3180331
-3.1088875	43.3338425
-3.12141260000001	43.3489406
-3.10917010000001	43.3646999
-3.08402659999999	43.3779698
-3.10438930000001	43.36465
-3.04586790000001	43.3592581
-3.07074020000001	43.3544851
-3.03183279999999	43.3466422
-3.04375059999999	43.3391452
-3.010214	43.315079
-2.98065740000001	43.3074116
-2.97138419999999	43.2882529
-2.97685649999999	43.280014
-2.9776258	43.2735788
-2.9760131	43.2631445
-2.97045119999999	43.2592879
-2.97064	43.287508
-2.969615	43.275858
-2.9627254	43.2678045
-2.95722760000001	43.2647866
-2.9464407	43.266535
-2.97179200000001	43.2924144
-2.96737769999999	43.2939717
-2.96379939999999	43.2961497
-2.9628295	43.2981924
-2.9562205	43.2982424
-2.951482	43.3009647
-2.96276939999999	43.298511
-2.97197629999999	43.2928189
-2.97963220000001	43.3111986
-3.01477310000001	43.3219534
-3.01090730000001	43.3381065
-3.0277996	43.3419483
-3.01261000000001	43.3478637
-3.03945629999999	43.3733984
-2.96011770000001	43.4154272
-2.9497702	43.413351
-2.9523439	43.4045975
-2.94060680000001	43.3929853
-2.94565849999999	43.417571
-2.955413	43.421994
-2.94483799999999	43.436361
-2.80614539999999	43.430328
-2.7520652	43.4568551
-2.6935821	43.397276
-2.64597710000001	43.4159958
-2.61724709999999	43.3912907
-2.5098044	43.3773346
-2.45905199999999	43.335395
-2.43566099999999	43.3342117
-2.4154431	43.3257732
-2.4225277	43.3253587
-2.4200249	43.320141
-2.43030740000001	43.3210134
-2.43406420000001	43.3186008
-2.32372089999999	43.2964614
-2.2461524	43.3060229
-2.2565292	43.2962634
-2.2452767	43.2915042
-2.25512409999999	43.2819762
-2.25511040000001	43.2798305
-2.25183379999999	43.2786824
-2.2440284	43.2921909
-2.25357090000001	43.2952912
-2.25480850000001	43.2961932
-2.2541446	43.2979045
-2.22861950000001	43.3109345
-2.20084299999999	43.3116786
-2.17869759999999	43.2888887
-2.13208550000001	43.2935169
-2.133283	43.2906607
-2.12955129999999	43.2856119
-2.13365420000001	43.2782991
-2.13050939999999	43.2746115
-2.125902	43.2757206
-2.13194590000001	43.2781584
-2.12694649999999	43.284701
-2.13234679999999	43.2917122
-2.1073144	43.3019798
-1.99198540000001	43.3156355
-1.96212129999999	43.3381344
-1.9309544	43.3355681
-1.93184460000001	43.3220505
-1.90548739999999	43.3190953
-1.928074	43.3357621
-1.7936795	43.3941088
-1.78307249999999	43.3622993
-1.79939650000001	43.3505669
-1.784688	43.3495029
-1.78468798335306	43.349502921526
-1.73746105575689	43.3300838053614
-1.73026492151039	43.2957485970622
-1.66931602611345	43.3149030810694
-1.62403779169033	43.3060287743135
-1.63057725746413	43.2853124203524
-1.60878871007934	43.2518506559521
-1.5751905506434	43.249932976306
-1.56504318119399	43.2880368820442
-1.53533275064466	43.294652270014
-1.40650607440131	43.2709288971869
-1.37892411208618	43.2500788212719
-1.38301180595503	43.1890172707215
-1.40198503323939	43.1776564955093
-1.41429653403978	43.1285071786277
-1.47309800675003	43.0867741635835
-1.44135118528314	43.0462952967178
-1.35405640940201	43.0277610048576
-1.33231951514606	43.1078372065941
-1.27004246060154	43.1183420773288
-1.30981096806104	43.0691721029407
-1.26371095481601	43.0441803089506
-1.22927358924165	43.0554682186351
-1.16385943806193	43.0349339968224
-1.14166080974994	43.0076100769605
-1.11151200134197	43.0239979942223
-0.943455627146527	42.9532435880357
-0.908194147130512	42.9645304687708
-0.81018471569805	42.9513294194392
-0.751676453096533	42.967162174653
-0.718073532589587	42.9257673001691
-0.731976309084263	42.8967387761015
-0.678697499077719	42.8845450847145
-0.603199130013065	42.8324959056006
-0.597944344927079	42.8058486649281
-0.56630056022327	42.8034729113354
-0.56752640125998	42.7803710754655
-0.527637519552408	42.7934895575087
-0.505037883297586	42.8277144672519
-0.443416419247424	42.7962720022925
-0.394519501365287	42.7989696895166
-0.313703734639344	42.8493785159447
-0.188967537042229	42.7866336666771
-0.160638356073764	42.7978655681097
-0.106650056655823	42.720877499844
-0.0684882759134996	42.7180885655707
-0.0621415885996668	42.6949855795671
-0.0166624908790194	42.6852031143034
0.176149655916184	42.7371487990514
0.260209059470027	42.7164596163242
0.263144035166302	42.6924208968538
0.295015093636993	42.6733841078695
0.360415410761332	42.723971989123
0.422378953271686	42.6905020693739
0.597538306418657	42.705701775383
0.668520664886986	42.6895879627206
0.684470432419585	42.7135539863751
0.663703000018253	42.7497018122383
0.639317872304715	42.7549967132023
0.66492560711994	42.7741023777625
0.64485329108546	42.7830854108745
0.669710752975388	42.8038334950068
0.660725983166681	42.8398387625714
0.708646522166509	42.8615225946561
0.858307285805275	42.8258155055133
0.926734925437097	42.7896289561961
0.960286282646734	42.8058542669246
0.985913331240567	42.7866239095821
1.07888644786414	42.7883379043104
1.1660747733841	42.7089543870651
1.22926092299614	42.7278331858007
1.2522170107557	42.7139457854054
1.35736220964757	42.7197376672975
1.35119015482497	42.7026078933323
1.38842855728675	42.6880697922732
1.38745613099169	42.6687125086319
1.41372673265506	42.6555554557114
1.44147111037357	42.6036273978587
1.44198862980875	42.6037199670173
1.44267557150651	42.6027557863649
1.44280349160297	42.5987589919885
1.4408334861849	42.5961217634463
1.44059390549862	42.5944398197817
1.43839213473725	42.5922966215779
1.43586849760957	42.5916772838832
1.43123552636325	42.5879979009132
1.42816490505907	42.5877256123871
1.42744481552732	42.586726593653
1.42747365144794	42.5849203826986
1.42666139476804	42.5830731771019
1.42830108965615	42.5800783627373
1.43246100807385	42.5752853815132
1.43440621999008	42.5742673101062
1.44340087126691	42.5719234996993
1.44435937367507	42.567242561387
1.44109130267144	42.5643177145637
1.43666826770702	42.5630937609684
1.42522750391153	42.5579616147753
1.42303857905872	42.5554865683881
1.4223015113681	42.5521522734734
1.42080806220825	42.549977113672
1.41927886010009	42.549532000285
1.41943238218215	42.5453302673515
1.41437935870898	42.5400736825353
1.41358470900864	42.535374666886
1.41778388380426	42.5358069736201
1.42538632605376	42.539130558516
1.43264731866377	42.5400793747277
1.43677283160609	42.543119262266
1.43865084953907	42.5436766703373
1.4429107504479	42.5431511634558
1.45072402729458	42.5400769919495
1.45252712573287	42.5387140941372
1.45264525419273	42.5331043951237
1.45462433259517	42.5304636614761
1.45510618891357	42.5264298596935
1.45751358404349	42.5256017902366
1.4599544863335	42.5234717846897
1.46026871701988	42.5224150636626
1.4633293670244	42.5191712997985
1.46839739236282	42.5099955807464
1.46248998122292	42.5066258107827
1.46033141942671	42.5044743634018
1.45642985648472	42.5029904858018
1.45197681778982	42.4999291070886
1.44384320171281	42.495599779337
1.43162314940835	42.4923485959328
1.42626550722233	42.4930076690577
1.42373576155072	42.4909255704436
1.42351208104498	42.4897184606956
1.41742437802756	42.4823881950988
1.42023062514362	42.4827517045106
1.43127711836091	42.4824392071174
1.43338762028942	42.4817730663791
1.43380407925513	42.480955601633
1.44103039689518	42.4754801211454
1.44123359581244	42.4745718674903
1.44021562493248	42.4711899842502
1.44067475387419	42.4675437198028
1.44012157132223	42.4643688774934
1.44746979034633	42.4601307985736
1.44554910243735	42.4580806108513
1.44330232608024	42.4570874038092
1.44144937114369	42.4553046815922
1.44204926609043	42.4527872572501
1.44177393245584	42.4516455611564
1.44621071164411	42.4482047708958
1.44532030153449	42.4466188018905
1.44679596405171	42.4437703071045
1.44258340435836	42.444708307519
1.44439297066669	42.4414237198928
1.44723056898617	42.439440673151
1.45240432603353	42.4369794944662
1.45654412218886	42.4358818640553
1.46209939373739	42.4364035657582
1.47277991330793	42.4358424163614
1.48520271537202	42.4333030597086
1.49606855738567	42.4331375713144
1.50394031455735	42.4315583816381
1.50732166311831	42.4299035645766
1.50960455174984	42.4298767110667
1.51284019357171	42.4289026833873
1.51628199875128	42.4289378918672
1.51883402264194	42.4309619152304
1.52298792234724	42.4310949205703
1.52575033167743	42.4321559695133
1.52943441248913	42.4325144001596
1.5349743228463	42.4324839011463
1.53899104980771	42.4330718664663
1.54252583061919	42.4323733089474
1.54813059933987	42.4332400070907
1.55108749392908	42.4326181629959
1.55263106908178	42.433457077561
1.55326060843289	42.435097679021
1.55272305656688	42.4357312996987
1.55328468328251	42.4392831563677
1.55407897365673	42.4401789946477
1.55304222798732	42.4434794909791
1.55513862636587	42.4464031690491
1.55876135224367	42.4477444820961
1.56013828991117	42.4489590963218
1.55875533353127	42.4518413577153
1.55700972727117	42.4539187917637
1.5605465742078	42.4585857578889
1.56333503468124	42.4581415176703
1.5669832727131	42.4589863202892
1.56843836381032	42.4584329947499
1.57446686785052	42.4520694990407
1.57657710028444	42.4511656780375
1.57759273554467	42.4500895731748
1.57885432952969	42.4498860159347
1.58121105967757	42.4501925777911
1.58262024686377	42.4565059601329
1.58552243405218	42.4591184708565
1.58567146455781	42.4604894668306
1.58671171365682	42.4617442593806
1.59761142215669	42.4676185993414
1.59873207047363	42.4676455692064
1.60641365429966	42.4643714619641
1.61222575418791	42.4653503059703
1.61886825672481	42.4647120810039
1.622566530918	42.4656776000002
1.62681610120105	42.4641103636243
1.62914947515155	42.4642592030651
1.63168002930692	42.4627495200051
1.63287200385742	42.4664225702315
1.63617385151573	42.4680890793484
1.64052008052335	42.4665810790319
1.64242971915434	42.4666565561165
1.64575375520016	42.4687818712877
1.64872457367628	42.4673557916461
1.65090756964821	42.4671141215687
1.65358526784712	42.467311393868
1.65702608487988	42.468450021261
1.65917251941976	42.4714778887542
1.662496285971	42.4739807136979
1.66268322538162	42.4755127194413
1.660852189338	42.4790176659986
1.66323694692275	42.4798480089706
1.66328922887229	42.4815294644594
1.66182713091586	42.4841100596073
1.66259887357644	42.4877792066398
1.66225320185512	42.4901612182468
1.66281339126629	42.4918041101827
1.66223909830515	42.4937121078796
1.66542677009085	42.4958573020834
1.66587880234182	42.4984949945865
1.66771711473924	42.4998155873513
1.66915450902536	42.504196412218
1.66909513038508	42.5057917835466
1.67596589483567	42.4975342870546
1.67947543298767	42.4946807562612
1.6811822320275	42.4942418062037
1.68565916590896	42.4955442740382
1.69042167421925	42.4949712021307
1.70311217423801	42.4898135836176
1.71137362057994	42.4922558614684
1.71795548683516	42.4977470944837
1.72018016463628	42.5004068944356
1.72045486945016	42.5028304135303
1.72588042427166	42.5041819086556
1.72588922776144	42.5036291813434
1.82347420522216	42.4865259959001
1.89117097553882	42.4477153825033
1.93705036255007	42.453682173362
1.96535466018517	42.3811538673197
2.01595918559089	42.3470703638404
2.08439733551153	42.3619941573638
2.13263156620857	42.4145402180885
2.20647191475333	42.4174336788734
2.25641456145771	42.4388061618414
2.43342660004665	42.3932985849528
2.48121984777072	42.3407708605024
2.53281099285299	42.3327551085569
2.57115513159798	42.358499656849
2.67169251207149	42.3407506751563
2.65148383177688	42.3857506114255
2.67124901381572	42.3868357166771
2.67413655846499	42.4051949978108
2.73393075939573	42.424731498919
2.77690185067464	42.4118975942913
2.83906742429239	42.459408883009
2.91835156345891	42.4562264702392
2.9473204347412	42.4813366757571
2.9674677601019	42.4652314883379
3.04055127801979	42.4745773668773
3.08528540287532	42.4258240861782
3.17465230474279	42.4351759123146
3.1746523	42.4351759
3.1526739	42.393184
3.16692520000001	42.3898515
3.16301910000001	42.3603181
3.19667530000001	42.3349704
3.22938150000001	42.3514823
3.2499728	42.3296159
3.2654877	42.3408119
3.3224684	42.3186123
3.28655050000001	42.3035229
3.29894549999999	42.2844418
3.27607950000001	42.2870664
3.28792270000001	42.2656411
3.25361440000001	42.2525096
3.26440259999999	42.2378848
3.22962900000001	42.251566
3.21781599999999	42.232339
3.16528479999999	42.2646691
3.1158208	42.2190397
3.12367510000001	42.1284409
3.176955	42.1114367
3.21197210000001	42.0687312
3.1958304	42.0110692
3.21056800000001	41.973485
3.23422599999999	41.9622161
3.17673299999999	41.866244
3.129978	41.840637
3.10215000000001	41.8449953
3.0567767	41.7867355
2.97705580000001	41.7575025
2.93503380000001	41.7151719
2.8195216	41.688955
2.77457840000001	41.6485259
2.5554414	41.5793661
2.3706516	41.4887131
2.26652599999999	41.458833
2.1853607	41.3577211
2.18931919999999	41.3666944
2.18472670000001	41.3807457
2.15092949999999	41.3464849
2.1488238	41.3299727
2.15684349999999	41.342293
2.1662391	41.3411711
2.1427242	41.2992863
2.16761649999999	41.3113238
2.1515518	41.2953841
1.9212883	41.2595201
1.7297356	41.2057613
1.7371808	41.211319
1.73577579999999	41.2159178
1.51261379999999	41.1772724
1.401791	41.1326786
1.29952700000001	41.127974
1.21348280000001	41.0786393
1.24909020000001	41.1086623
1.1988493	41.0940125
1.2063556	41.0832383
1.19190309999999	41.0878117
1.1706133	41.054697
1.12627009999999	41.0748496
0.983997199999989	41.039267
0.862215699999988	40.9470894
0.741367700000001	40.8233657
0.700991599999994	40.8069063
0.708565000000007	40.786964
0.717870399999997	40.7782824
0.736976499999996	40.7666202
0.781302999999989	40.768105
0.729838000000001	40.787128
0.765279999999991	40.792826
0.828673999999998	40.733965
0.864146000000005	40.73283
0.846760000000011	40.727758
0.864881699999995	40.720731
0.8707943	40.733444
0.864023700000012	40.6913429
0.761516999999997	40.643215
0.694099300000001	40.5739648
0.651735000000001	40.554134
0.61201619999999	40.5543911
0.591859799999994	40.5779102
0.70868800000001	40.591476
0.745155200000002	40.6359685
0.593214199999996	40.6163031
0.604718700000003	40.609151
0.538039199999994	40.5673384
0.477794599999988	40.4586887
0.418043800000005	40.4006775
0.408555899999992	40.3573714
0.278702300000009	40.2447763
0.263502699999999	40.2083294
0.193846599999992	40.1741331
0.147669400000002	40.0828869
0.049705900000007	40.0352046
0.0288361999999968	39.9556561
0.0285002999999892	39.9672503
0.0171619000000004	39.9743394
0.00499649999999857	39.9544426
0.0241213000000023	39.9564826
0.0140870000000022	39.9479446
0.00470990000000018	39.9499844
0.0045710000000082	39.9543975
0.00539699999999187	39.9567196
0.00465429999999916	39.9569066
-0.00379759999998824	39.9148058
-0.0890359000000016	39.8539072
-0.181848999999997	39.7335067
-0.205272600000007	39.6304504
-0.215778499999999	39.6551636
-0.215560300000006	39.6292209
-0.2364509	39.6367525
-0.2626881	39.6105974
-0.323345900000007	39.5093105
-0.310509100000006	39.4610635
-0.316564100000005	39.4625157
-0.331392999999991	39.4598208
-0.315027100000009	39.4572233
-0.30786390000001	39.462805
-0.285751099999998	39.4550155
-0.291474699999994	39.4440759
-0.286330499999989	39.4550106
-0.308501899999988	39.4591839
-0.2951874	39.4512379
-0.302739099999995	39.4335606
-0.323630000000008	39.4583374
-0.316261000000005	39.4428478
-0.330283399999996	39.4351973
-0.309032299999989	39.4299145
-0.335208400000004	39.4269128
-0.278718699999987	39.2785009
-0.216389899999989	39.1864219
-0.238348700000003	39.1757471
-0.238287799999988	39.1425387
-0.197205599999992	39.0547865
-0.144242099999994	38.9952743
-0.156283199999996	38.9981336
-0.164229500000009	38.9911876
-0.1467578	38.9944345
-0.155791300000007	38.9900232
-0.157296100000008	38.9851281
-0.0172362000000067	38.8730706
0.125521899999997	38.8486773
0.109381999999992	38.8458474
0.190062699999989	38.8087359
0.189055700000002	38.7750841
0.224726800000005	38.7643551
0.234774000000008	38.736816
0.167594999999996	38.7105739
0.148982799999994	38.6793953
0.0983915000000076	38.6728349
0.0736413000000096	38.6451478
0.0836809999999955	38.631077
0.0503097000000077	38.6415449
-0.0283387999999995	38.6185876
-0.0633728000000045	38.5777808
-0.0495937999999989	38.5621757
-0.0975408999999928	38.5234335
-0.15216580000001	38.5349536
-0.375010500000005	38.4429947
-0.405059599999992	38.399745
-0.402734399999988	38.3528167
-0.444895200000011	38.3628867
-0.495193400000011	38.334019
-0.494365800000011	38.319011
-0.508701900000003	38.3300335
-0.509718700000009	38.2022345
-0.614439699999993	38.1732336
-0.659580499999992	38.0994855
-0.652095199999995	38.1090445
-0.637404199999996	38.1120354
-0.655863899999994	37.9830957
-0.693414800000004	37.9726226
-0.719867799999997	37.9113979
-0.750740499999993	37.897211
-0.762513200000012	37.8448688
-0.748199300000001	37.7900982
-0.785003100000012	37.8183278
-0.860318899999989	37.7203591
-0.797816700000002	37.6556426
-0.7376654	37.6320166
-0.717637199999997	37.654789
-0.68864399999999	37.635966
-0.717407000000007	37.606743
-0.820038900000004	37.5749659
-0.87666760000001	37.5771981
-0.919083399999998	37.5539531
-0.9717779	37.5596385
-0.950517099999998	37.5683593
-0.993437899999998	37.6012983
-0.984009200000011	37.5843645
-1.01788039999999	37.5728209
-1.0743386	37.5841757
-1.10855969999999	37.569494
-1.1271198	37.5522127
-1.1114117	37.5341331
-1.167039	37.542468
-1.17358459999999	37.5625467
-1.2136122	37.5753838
-1.24561520000001	37.576315
-1.25576420000001	37.5575895
-1.32613230000001	37.5627496
-1.4595637	37.4867206
-1.48593430000001	37.4229874
-1.5191338	37.4318026
-1.67257930000001	37.3562508
-1.707652	37.303995
-1.8023191	37.2218438
-1.84935000000001	37.068349
-1.9007867	36.987442
-1.8956635	36.9485869
-1.94046500000001	36.936381
-1.96739449999999	36.8988771
-1.99215710000001	36.8937689
-1.99997500000001	36.83953
-2.05977049999999	36.8099429
-2.06018300000001	36.777592
-2.1065353	36.7624597
-2.1242563	36.7318838
-2.19334819999999	36.7210714
-2.29133790000001	36.8200896
-2.36260220000001	36.8416009
-2.42617719999999	36.8109667
-2.47394110000001	36.8365233
-2.46410049999999	36.8258727
-2.48199409999999	36.8355048
-2.56192999999999	36.8161489
-2.624468	36.722905
-2.7005237	36.6831784
-2.77112710000001	36.6818391
-2.81652820000001	36.706315
-2.8491002	36.6952949
-2.92685899999999	36.7521284
-2.97758640000001	36.7382974
-3.259053	36.753404
-3.3383352	36.7384265
-3.4199521	36.6937807
-3.4825756	36.6973619
-3.5258753	36.7241236
-3.51704820000001	36.7139559
-3.555069	36.715138
-3.60207880000001	36.7447128
-3.6577468	36.7465652
-3.72739720000001	36.719212
-3.8354899	36.7539803
-3.95733490000001	36.7261247
-4.06729170000001	36.7487887
-4.1801653	36.7146906
-4.39471820000001	36.7225299
-4.41451790000001	36.6987111
-4.4137904	36.7184433
-4.41821979999999	36.7010919
-4.4262447	36.7098588
-4.4413501	36.6810829
-4.4779789	36.6433205
-4.49989870000001	36.6140038
-4.5076652	36.5974989
-4.5120683	36.5927096
-4.603574	36.5629143
-4.6389991	36.5068385
-4.7404291	36.4826197
-4.91248700000001	36.5053551
-5.00626459999999	36.4594243
-5.17735730000001	36.414109
-5.21937079999999	36.3764027
-5.24701970000001	36.3109672
-5.2830443	36.2885141
-5.28035939999999	36.2859716
-5.2756527	36.288731
-5.2716942	36.2889126
-5.2706121	36.2881627
-5.31769399999999	36.228028
-5.33885460236903	36.152888732311
-5.34534649556585	36.1550375984125
-5.35176828203744	36.1548210172916
-5.35190653275966	36.1550603009535
-5.35647061247286	36.1550365004564
-5.35647069999999	36.1550365
-5.3564964	36.1550088
-5.35654471173365	36.1550044847775
-5.35948935719403	36.1550370760019
-5.36506999999999	36.155052
-5.3533079	36.1571288
-5.3861553	36.1801973
-5.44464400000001	36.17618
-5.43156330000001	36.1719833
-5.44347310000001	36.1272513
-5.42823479999999	36.147677
-5.42276140000001	36.1328426
-5.44291729999999	36.1184051
-5.430472	36.071149
-5.61111349999999	36.0000382
-5.65169190000001	36.0528747
-5.6904761	36.0679276
-5.72102099999999	36.060021
-5.77771049999999	36.088154
-5.797582	36.078035
-5.90891450000001	36.1793814
-5.90653340000001	36.1817536
-5.91434540000001	36.1903326
-5.8887304	36.1887306
-5.91554600000001	36.2104102
-5.91523240000001	36.1879382
-5.9071592	36.181233
-6.0350902	36.181554
-6.10033010000001	36.2808717
-6.1429137	36.2958475
-6.1784287	36.3636502
-6.2090858	36.3859765
-6.2057588	36.4040579
-6.1980474	36.4052563
-6.19369659999999	36.3977959
-6.1909046	36.3972973
-6.1889627	36.3991132
-6.19456260000001	36.4071037
-6.21006519999999	36.4112504
-6.2063745	36.4328505
-6.1848071	36.434002
-6.17746670000001	36.444996
-6.17535649999999	36.4448272
-6.17348850000001	36.4405686
-6.17186509999999	36.4396747
-6.17326830000001	36.449159
-6.22326350000001	36.4319839
-6.21497680000001	36.3900452
-6.28884960000001	36.523516
-6.3174869	36.526892
-6.2796311	36.5453639
-6.29228159999999	36.5328794
-6.27683090000001	36.5407233
-6.26861349999999	36.532066
-6.28195929999999	36.5274696
-6.2564429	36.5078177
-6.26662559999999	36.4896988
-6.25330919999999	36.4676488
-6.216058	36.467354
-6.19407470000001	36.4996563
-6.18238599999999	36.470801
-6.18372420000001	36.4975043
-6.16245150000001	36.4888263
-6.17845680000001	36.5008426
-6.173379	36.5217
-6.232376	36.503907
-6.2598373	36.5292949
-6.23071090000001	36.5248101
-6.21924479999999	36.526852
-6.21001429999999	36.5413735
-6.20533900000001	36.557641
-6.212093	36.573466
-6.18756400000001	36.5762142
-6.2121382	36.5750162
-6.21775560000001	36.5297682
-6.23321610000001	36.5267868
-6.2245025	36.5684902
-6.240253	36.5778621
-6.22053899999999	36.599861
-6.1957505	36.5928009
-6.15172800000001	36.600033
-6.14942499999999	36.602033
-6.14917200000001	36.603222
-6.22014600000001	36.6010294
-6.2300245	36.5899646
-6.2492642	36.5722179
-6.2383599	36.5836428
-6.26568470000001	36.5797111
-6.29925100000001	36.617211
-6.388705	36.628967
-6.44376630000001	36.7362603
-6.34233500000001	36.7944505
-6.395886	36.803395
-6.460468	36.922171
-6.5820847	37.0146359
-6.9297808	37.1840984
-6.9376	37.1964006
-6.939073	37.2055661
-6.91321989999999	37.1917713
-6.90926299999999	37.1922433
-6.90671420000001	37.1940382
-6.90953389999999	37.2008592
-6.9040945	37.2005181
-6.90373729999999	37.1979957
-6.90302779999999	37.1974599
-6.90133290000001	37.1970621
-6.8981178	37.1968813
-6.89468079999999	37.198924
-6.93418630000001	37.2077391
-6.8510374	37.2810071
-6.85490020000001	37.30126
-6.8415705	37.2962289
-6.82632919999999	37.3018742
-6.82301649999999	37.3103478
-6.85441219999999	37.303671
-6.8812256	37.2705068
-6.8816567	37.2895215
-6.8871621	37.2650903
-6.8855106	37.2839398
-6.8918648	37.2866217
-6.8896686	37.2616679
-6.9191465	37.235605
-6.91608400000001	37.2610627
-6.9406703	37.2119718
-6.96338639999999	37.2663038
-6.95387230000001	37.2997824
-6.94759799999999	37.2999305
-6.9442069	37.3047418
-6.943758	37.3091895
-6.94831779999999	37.3130993
-6.95849480000001	37.2893312
-6.95568270000001	37.310088
-6.95686399999999	37.3139611
-6.96158840000001	37.3176385
-6.9643075	37.3181991
-6.9666645	37.2757498
-6.97402020000001	37.3176827
-6.9676462	37.2677435
-6.9785685	37.2840251
-6.97346949999999	37.2644169
-6.98186509999999	37.2692306
-6.98580800000001	37.269838
-6.9927433	37.2647453
-6.99525740000001	37.2608062
-6.99592839999999	37.2658266
-6.9977394	37.2683377
-6.9998719	37.26859
-7.00663879999999	37.2557333
-6.98863149999999	37.2561991
-6.9847417	37.269075
-6.96681820000001	37.254799
-6.9879869	37.2570194
-7.0034147	37.2317911
-6.97902380000001	37.2093117
-7.0122268	37.229203
-7.00042940000001	37.2204874
-7.0112784	37.2189154
-7.01624480000001	37.2108027
-6.97492350000001	37.2040801
-6.9487036	37.1719915
-6.94728920000001	37.1683367
-6.94734620000001	37.166922
-6.94867089999999	37.1639825
-7.0419105	37.2072559
-7.13316709999999	37.2199087
-7.1613372	37.2105885
-7.12851619999999	37.2131569
-7.07624350000001	37.2101363
-7.0598422	37.2061963
-7.2717858	37.2018928
-7.3717284	37.1701791
-7.3947442	37.1766982
-7.39122133331673	37.1674522874465
-7.40818830667729	37.185460763356
-7.41279477762273	37.2224821690256
-7.41840170230009	37.2364705636452
-7.43334894997561	37.2486705599578
-7.43295872181619	37.2566670157478
-7.42169654309918	37.2735127604812
-7.43333295996355	37.2861110041709
-7.44209629505473	37.3093762633206
-7.43904346039317	37.3259982673758
-7.44490460829594	37.3450422714672
-7.43625598806655	37.3614624632211
-7.4404916344627	37.3911475610176
-7.4627174817278	37.4092666982324
-7.44555373092025	37.4199948870814
-7.45748784946977	37.4292222930331
-7.45645074447426	37.4520405128778
-7.46953443709287	37.4715649201397
-7.46367930790251	37.4870626205323
-7.48504178434804	37.4995070146998
-7.49095467521117	37.5092309125213
-7.49161799121697	37.5217157145532
-7.51104163378479	37.5237879879833
-7.51270989509893	37.5389638585836
-7.52257842748415	37.5530554964803
-7.51857562440964	37.5596866877192
-7.50684183016847	37.5568982210709
-7.50679538726828	37.5649230146256
-7.51567199991678	37.5687273186791
-7.50130892667052	37.5778463047488
-7.49764559694188	37.5912948759216
-7.50416934219821	37.6038320533923
-7.49514163291893	37.6068998689221
-7.48851215595365	37.6043437561933
-7.48046989854105	37.6178480927106
-7.48196783927731	37.6242644776129
-7.47065230063243	37.6247192630034
-7.47029737626368	37.635648074422
-7.46411490098378	37.6411582563047
-7.46694010255233	37.6498865693994
-7.45409572112541	37.6470748801208
-7.45128363496	37.6583372842886
-7.45577305542392	37.6620051820945
-7.44392571413084	37.6645057656862
-7.45260900933019	37.6774923126732
-7.44398940468448	37.687509613293
-7.44797100751828	37.697332509754
-7.44353315035167	37.7021233892593
-7.43941150016508	37.7002032791192
-7.43645173096696	37.7177722621558
-7.43142942987651	37.7202492224204
-7.42631334467039	37.7338816800698
-7.42829664515467	37.7412054900522
-7.4185547752245	37.7438745971998
-7.4215764383457	37.7586485597167
-7.41292135024626	37.7599554683445
-7.40727687599003	37.7672208826079
-7.39708027886304	37.7637458130898
-7.36676950420934	37.7924479654089
-7.32607797779541	37.8144908079921
-7.30046368527861	37.8429075110527
-7.29727358804164	37.8571572573852
-7.28342731557834	37.86897078767
-7.27956635648719	37.8762015847572
-7.28200016208646	37.8979989538345
-7.27370359161691	37.8989983766103
-7.27414187964404	37.9044699031082
-7.26149054617167	37.9179080105902
-7.26218314725572	37.9240075963889
-7.25508412089144	37.9226347837124
-7.25762302937895	37.933012478838
-7.24825908068881	37.9545175568405
-7.2518564740756	37.9600285825817
-7.24961832154522	37.9666986037973
-7.26239299370609	37.9798697935476
-7.24607365926561	37.9911798754345
-7.23257189071376	37.9897686707745
-7.21416693767814	37.9999999796831
-7.18333289437143	37.9969439889686
-7.17416693436992	37.9983329691697
-7.16916691149851	38.0038889808393
-7.16158351353303	38.0007959887891
-7.15574697946905	38.0051245131148
-7.13463270753652	37.9995785762557
-7.12072813441127	38.0035013641319
-7.12845292720248	38.0103995168499
-7.12913950957413	38.0178379959564
-7.14083287962751	38.027221982022
-7.13194396005962	38.0388889868339
-7.11583294493352	38.0444439761216
-7.09694388979128	38.042500011272
-7.07832774283236	38.0336590531273
-7.07231963054911	38.0205426716857
-7.05944389791877	38.0222219860216
-7.05961673377944	38.0183788966255
-7.04674198929591	38.0171617760414
-7.04605540692425	38.0139159751491
-7.0245977090586	38.0243291066184
-7.00211009271971	38.0225712191248
-6.99851180101764	38.0366155207237
-7.00261458658327	38.0427271800729
-6.98889883933075	38.0586503031809
-6.98720057428612	38.1024763792144
-6.97671085688193	38.1039158088078
-6.96469454248391	38.1317367569428
-6.95895412815533	38.1341416597619
-6.95892942448501	38.1498662232297
-6.9521218115989	38.1529200694715
-6.96256328947233	38.1546116036649
-6.96859439862686	38.1593133766192
-6.96921980572766	38.1662275676422
-6.93151589628565	38.2082553087996
-6.93852607926833	38.2075879788806
-6.93713593636616	38.2205209766777
-6.94629785394889	38.2116541212295
-6.94982167531391	38.2130779161477
-6.94749485906498	38.2176263632404
-6.95685763994525	38.2169140902881
-6.97202569351761	38.2020579544196
-6.980552592026	38.2113266134014
-6.99566414156698	38.2036258020804
-7.01077254700448	38.2047186869933
-7.01037603063807	38.195715486094
-7.01681731055132	38.1971796921402
-7.0226313867332	38.1852634191617
-7.02851642982252	38.1824949990384
-7.04346161137289	38.1872266056697
-7.04729544134245	38.1812114083406
-7.05919740020481	38.1776457207402
-7.05590696115061	38.1850807534194
-7.06656538216516	38.1864906640567
-7.06662610827836	38.1786190200068
-7.08512233014686	38.1689882014646
-7.08890765109108	38.1784342897519
-7.0973992458088	38.1789829711343
-7.10770534756892	38.1879518782811
-7.11275414896026	38.2063670895235
-7.14277557626095	38.2402293609883
-7.14305135905317	38.2616869099806
-7.14717875845759	38.2625281040275
-7.14743379016675	38.2698517092882
-7.15266054781587	38.2676230941016
-7.15046901784873	38.2757157176399
-7.16909441745508	38.2795839168426
-7.16878360036678	38.2847081013354
-7.1820181201216	38.2954331089958
-7.202166074303	38.3289551723021
-7.27223403764362	38.3959111911788
-7.27975652983284	38.4195436208492
-7.29234605921366	38.4240868048763
-7.2920369489244	38.4278812878316
-7.29958270747947	38.4257911729529
-7.31723478247548	38.440059191047
-7.33468779080452	38.4370689827657
-7.32995905914892	38.4446399918358
-7.31440913174928	38.4499680628539
-7.31456463012496	38.4589792001009
-7.30189137775966	38.465219401047
-7.29594354243198	38.4766632783035
-7.29714872221715	38.4812587025981
-7.30332985002412	38.482810674219
-7.31771349469039	38.4742285629117
-7.32163985113421	38.4811064570937
-7.31549762037905	38.496777196195
-7.315031125252	38.513356965464
-7.30134708852901	38.5233942183519
-7.30294105916915	38.5437991045607
-7.28629482779677	38.5628084173014
-7.28475763068259	38.5754661630098
-7.27597821574783	38.5752738752852
-7.26403385640407	38.5879287929842
-7.25709383184507	38.6116316077653
-7.24432005799948	38.6227467770608
-7.25035161631164	38.6290106802793
-7.26470462842672	38.6284729135006
-7.26927759221206	38.6367526572394
-7.26406925002626	38.6845925752693
-7.26652434569776	38.6906804795931
-7.26408541970138	38.7039332130046
-7.25313405807267	38.7174462591285
-7.25513568418875	38.7259059900302
-7.20264577466472	38.7507828181193
-7.19108975701828	38.7685195799335
-7.1613918130514	38.7805471717916
-7.15469981334235	38.7938333698098
-7.1286180375517	38.813889615669
-7.09860244930035	38.8148358781824
-7.0905075506121	38.8196232740252
-7.06846531899107	38.8539525691387
-7.03914601491645	38.8645407536653
-7.0331458078077	38.8783713741412
-7.04041605306514	38.8838432772996
-7.04194130258604	38.8982037859209
-7.05193757540467	38.9070478705319
-7.02741123252847	38.9229924716831
-7.02042063281898	38.9401429716953
-6.98677028126503	38.9761233906196
-6.96413668869247	39.01138376192
-6.95135734529211	39.0234846801102
-6.9679315317787	39.0393851598417
-6.95934220035807	39.0543092852071
-6.96244992208348	39.06083901533
-6.98090158751388	39.0877306660246
-6.99574409162727	39.0991204632059
-7.03861511058353	39.1184027542469
-7.09812670152588	39.1056381008233
-7.10529462867246	39.0991680083455
-7.14435939593838	39.1088275117758
-7.14909001405608	39.122207802209
-7.13600964520402	39.1445693597273
-7.14025903582402	39.1500282984264
-7.13269504146867	39.1608508041557
-7.13449059405857	39.1710729956492
-7.19368543903174	39.1872853641083
-7.20792229898058	39.187325469275
-7.24146907478227	39.2082662911224
-7.24010408470805	39.2181341638896
-7.24534350860267	39.226147392595
-7.24203681004183	39.2415560112197
-7.24781432479165	39.2536171668336
-7.23149184624767	39.2783549161101
-7.26700090195598	39.3009957559735
-7.26887254185045	39.3094203772432
-7.28149899198945	39.3206168807107
-7.30731531561364	39.3359164962284
-7.31029332061203	39.3409098839408
-7.30638034906593	39.356428301429
-7.31168543980783	39.3713144565527
-7.32216410793403	39.3809122595882
-7.30240305814549	39.4121705801975
-7.30140691632693	39.4227401049926
-7.30857475364198	39.4303299895378
-7.3054548148287	39.4461817649803
-7.29546932179349	39.4586648615811
-7.322711002279	39.4746958150804
-7.34380649942209	39.4781192566276
-7.3476335021955	39.48791935828
-7.36262755209732	39.4814688962901
-7.36483803651695	39.4862800722045
-7.38163599334082	39.4912021126446
-7.37895443238619	39.4962591173295
-7.39032378011659	39.503401616247
-7.39090022903441	39.5298922929287
-7.40033721075715	39.5338534910027
-7.40595302875582	39.5306556862353
-7.43018301741979	39.534543679261
-7.44636041804539	39.5479746567653
-7.44447808819904	39.5512595611054
-7.46132626084729	39.5729180672947
-7.49931170229934	39.5896450561218
-7.51009768408423	39.6187420681456
-7.52744064879097	39.6351350558064
-7.52727985035511	39.6555401004862
-7.53216839229977	39.6623683590731
-7.5403751312409	39.6640147581545
-7.53150211185353	39.6672098000858
-7.45842164820762	39.6626113658406
-7.40322897748826	39.6464389718136
-7.37547624543761	39.6507177616254
-7.33247047918873	39.6409553758599
-7.28701617496992	39.6605590589984
-7.25090237341234	39.6668381914688
-7.14663815231961	39.6529687908198
-7.12552630583834	39.6633730212421
-7.0888647116205	39.6632951549139
-7.06511765725327	39.6581068883753
-7.01539419947821	39.6709149204941
-7.0071647331604	39.6849053634873
-6.99932226106698	39.7142408679778
-6.98699665671663	39.7276069542402
-6.99373572814656	39.7316694562948
-6.99378100323688	39.7411796094507
-6.98699279396091	39.7632927952758
-6.97664429171938	39.7727704141782
-6.98346609798698	39.7910129915432
-6.9894121366841	39.7945799782635
-6.9869301813856	39.810147055892
-6.98078678282057	39.820072906688
-6.97529295603748	39.8192914542989
-6.97055533106056	39.8250636153154
-6.95829593254665	39.8237227636487
-6.94778258945049	39.8280104993806
-6.94551182807529	39.834339715485
-6.93493937583343	39.8382983178903
-6.93130937360183	39.8519859094218
-6.91440290029165	39.8585088930234
-6.90349169335615	39.8706794715089
-6.90208672825178	39.8872955020185
-6.9059207378844	39.8901816798772
-6.89918508005255	39.9017597709064
-6.90220898896195	39.9058037918349
-6.89955365881362	39.9109240106662
-6.90737555948704	39.9182412226596
-6.90375669636496	39.9208417696117
-6.90650751742799	39.9239614551131
-6.88479721330445	39.941051168512
-6.88792954886864	39.9644452190875
-6.87955895721969	39.9719100930743
-6.88674341336749	39.9792722060911
-6.8739750294136	39.9944950677875
-6.87399066009955	40.0070749828543
-6.86348764762915	40.0119792899303
-6.87680957346111	40.0181333602853
-6.87399649914889	40.0233782164413
-6.88222875024409	40.0333503798182
-6.88093005583784	40.0418283199121
-6.89707215267277	40.0524859595142
-6.89206224833323	40.0604680748234
-6.91756811419524	40.0666678878049
-6.92089673164902	40.0873960171831
-6.93138770669461	40.0956608735164
-6.9337248535693	40.1036404719466
-6.94296770935914	40.1040288219169
-6.94087589238853	40.1125648841506
-6.94831160732131	40.1100419170291
-6.95393443217919	40.1157539955666
-6.9610853811669	40.1111189110932
-6.96241668441797	40.1171096712686
-6.98650411044635	40.1191539192166
-6.99283408909589	40.1122834827663
-6.99331414878373	40.1194076770067
-7.01290739327719	40.126168867315
-7.00898247413781	40.1301316842455
-7.01458670386932	40.1317705930089
-7.01378001674418	40.1376839901157
-7.02122480466132	40.1439442046761
-7.01425738148616	40.149436113361
-7.01438251680524	40.1581488924091
-7.02200139822444	40.1672893868785
-7.01646499129689	40.1764685972797
-7.02959324035359	40.1864659734061
-7.0190542054403	40.1972384053061
-7.01225324008729	40.2263779884363
-6.99836259084895	40.235049274701
-6.97891235814872	40.2404858792536
-6.96662511186101	40.2364535212494
-6.95142714438969	40.2573517983654
-6.92676021517152	40.25819446984
-6.90719796255537	40.2538264769217
-6.88979094796887	40.2604267581328
-6.8758806256258	40.259380855609
-6.8693983825356	40.2640056831155
-6.86230564437831	40.2759098723734
-6.86210190647187	40.2987673152534
-6.81762928119555	40.32610151831
-6.7941872946988	40.3287921106605
-6.79043224697966	40.3346521054265
-6.79347034927055	40.3560858191959
-6.78100110430627	40.3646721682719
-6.83480336262887	40.4081531943194
-6.84969778936569	40.4525788020212
-6.83531800745514	40.4754008653592
-6.81739077848761	40.4903414779044
-6.81472835164854	40.5016329219306
-6.79502838729933	40.5119185859439
-6.80486440067127	40.5360095984933
-6.80082889892042	40.5506329717503
-6.84481930855222	40.5658811799897
-6.83694898868499	40.5829209788378
-6.83756092105653	40.5942297756231
-6.80786953479123	40.6295256858131
-6.7938935456009	40.6616804141535
-6.80547489573835	40.6686896980603
-6.80251854013832	40.6803414977736
-6.81335572589441	40.7085496807201
-6.81100474496434	40.7173269005407
-6.82461413168722	40.7296821867543
-6.83118935040933	40.7526442841297
-6.82575445310888	40.7683324995872
-6.82800832615674	40.7772542791637
-6.81696470754836	40.8011790999225
-6.82435002699369	40.8261589168551
-6.8209729903461	40.836501219237
-6.82610434691204	40.8432471795427
-6.80217349723769	40.8450858854731
-6.80189717545629	40.8609969837316
-6.80906195849937	40.8824998071044
-6.81898690508444	40.8807391600488
-6.83010328723083	40.8848277720416
-6.84846332450225	40.9008398624733
-6.84898623382914	40.9245608074701
-6.86015292163144	40.9489068204848
-6.88426990223267	40.9690422188539
-6.89039219038853	40.9810800774621
-6.90381382921703	40.9893635739577
-6.90855262200382	40.9989554216483
-6.92154297966441	41.0033405045986
-6.93167929983583	41.0171806759268
-6.93006412895499	41.0300745116159
-6.91508274529867	41.0389330026042
-6.86593205334877	41.0268433603781
-6.83602363411082	41.0282492830432
-6.80833890452718	41.0364809114254
-6.80913705765712	41.0439199743347
-6.77997684521932	41.0672597552098
-6.77332356289902	41.0747094919099
-6.77088131313608	41.0861002637117
-6.75396675498834	41.1027819571162
-6.77031564400167	41.1244456930905
-6.76739531084453	41.1352127706007
-6.7519175181622	41.1407614613218
-6.73220407908373	41.1607192673792
-6.70129457729316	41.1803952138103
-6.69651931290584	41.1864021600013
-6.69914239353547	41.1927566861216
-6.69224162535439	41.1938519683432
-6.689121327215	41.199211306742
-6.69153384274203	41.2093493659775
-6.65278177902651	41.2356452912695
-6.64774312859789	41.2475662935807
-6.62952448615219	41.2426403786123
-6.60889287902181	41.2497375795492
-6.59909243893513	41.2442362133631
-6.59212645306442	41.2553686194698
-6.58605743500491	41.2517575779638
-6.58491765257242	41.2418330575404
-6.57125769069904	41.2390759862992
-6.55192280168129	41.245252283049
-6.54626754764165	41.2587181211503
-6.52180184104712	41.2759959952206
-6.51165743603815	41.2644951166079
-6.49605504702592	41.2663433555287
-6.47896567672389	41.2750419756332
-6.49157649617694	41.2845002701913
-6.48408939760992	41.2929945952078
-6.4692120388635	41.3011080713572
-6.4515356195233	41.2983529623024
-6.43754453863619	41.3057064092728
-6.43927640067244	41.3122917117392
-6.43474565770546	41.3192623979039
-6.41867497693562	41.3267206800973
-6.42714743753779	41.3342763859044
-6.41673982615057	41.3475092047653
-6.3920358863427	41.3502308789359
-6.37955056153483	41.3572267028275
-6.37763454486533	41.3629295767595
-6.38703918723784	41.363337276594
-6.39395630475709	41.3708422188927
-6.38990499265724	41.3853616083446
-6.36667195429558	41.39394225723
-6.36393532661404	41.3856382124289
-6.35266048165153	41.3782228074735
-6.31830243731675	41.3861156617395
-6.31837223641433	41.398246577464
-6.33269668210337	41.4054238762267
-6.33279181369196	41.4114909818324
-6.31031219235909	41.418984910986
-6.29805620744327	41.4311705771941
-6.29501019997787	41.4361687937674
-6.3055778013172	41.4494427011866
-6.28606944761809	41.4666880572648
-6.28392894195909	41.4789771616221
-6.26187063049448	41.486880857306
-6.26813754741108	41.4947344034139
-6.26584603495282	41.4982503689966
-6.25095277602587	41.4997320959291
-6.25761962290697	41.5144786215709
-6.23706958280439	41.5212857969879
-6.21749987417138	41.5431609670012
-6.21205895815852	41.5589109935751
-6.18934469687344	41.5750323716037
-6.20085211566301	41.5944175924907
-6.23521285494364	41.6071885693436
-6.25439017946056	41.6329392038099
-6.30234692056633	41.6621301666235
-6.35675033147707	41.6770045702313
-6.37497238752085	41.6737957760467
-6.44446866301466	41.6848255664601
-6.45226927361584	41.6810882831313
-6.45770372175865	41.6668314653505
-6.49849082891881	41.657122072101
-6.51207919506404	41.6612369112596
-6.54821994608015	41.6856100825917
-6.55488481666762	41.6982091985408
-6.55214055330616	41.7022654086206
-6.54509982760382	41.6985658945141
-6.54238179504866	41.7011442015876
-6.55370901179224	41.7169851634682
-6.54992593663623	41.7183450027997
-6.55517515216745	41.720901999477
-6.54904028759761	41.7253962604068
-6.55664210102642	41.7267909185751
-6.55637350475646	41.7384698078783
-6.56896330363187	41.7434910760767
-6.56498277877641	41.7515122118738
-6.55524989199909	41.7570910751855
-6.54979765721365	41.7768456717401
-6.5438650932458	41.7783437838122
-6.54711403013387	41.7798823888036
-6.54355670160876	41.7878086206139
-6.54723638067557	41.794962019011
-6.53928539209583	41.8015740080742
-6.54275100263043	41.805276161478
-6.53330018685233	41.8144104970177
-6.5352202459406	41.818457561899
-6.52769919105584	41.8206976013394
-6.53154451946104	41.8234148661784
-6.52844631987764	41.8281581215331
-6.53205844563509	41.8351601702604
-6.52230534676387	41.8542444949872
-6.52545627745445	41.8607302723004
-6.51573255349303	41.8713779196935
-6.51791141721466	41.8753609157374
-6.57115663022958	41.8836120081183
-6.56107259200769	41.896001092317
-6.54582018663016	41.9359240181848
-6.54910604427641	41.9444940847069
-6.58843931798075	41.9677324073657
-6.59933444507267	41.9481965209871
-6.61339334876372	41.9466017617064
-6.61710375021325	41.9411900129623
-6.69924165737436	41.9333200614594
-6.75059007766686	41.9433851961398
-6.76870370705585	41.9838970142219
-6.81145147715513	41.9925151783687
-6.81019033232775	41.9701808763933
-6.82111752927531	41.9463063102805
-6.84438443412318	41.9422959997
-6.86961550533977	41.9474712041035
-6.892474125891	41.9397729561249
-6.94423882548616	41.9450814617689
-6.95782377803332	41.9692852949255
-6.97936430056816	41.9738438865793
-6.99931498471317	41.9620056987866
-7.00605854771953	41.9500636929452
-7.03594864132568	41.9506508182644
-7.04224646028806	41.9545948667811
-7.05190532588597	41.948833104024
-7.06881754841397	41.9489025211224
-7.07667115961692	41.9517271783681
-7.08738653382048	41.9734670161917
-7.14110902174585	41.9903891898508
-7.1513621229042	41.9860875882147
-7.15778705347928	41.9759326951828
-7.17693410477112	41.9795794811252
-7.1864919997311	41.9694275575705
-7.18699236134435	41.9564575090938
-7.1813968452711	41.9512535046633
-7.1868296764464	41.9468632036739
-7.1833062144075	41.9443398062944
-7.1897495604459	41.9413072810733
-7.17976766067182	41.93174698379
-7.17548134929364	41.922591568864
-7.17884383323363	41.920988415699
-7.17332602143246	41.9190899121038
-7.18207318684851	41.9125549730597
-7.18449297872934	41.897786812934
-7.1971189797107	41.8796126046539
-7.20828979976331	41.8800755070479
-7.23248223884841	41.8667693882564
-7.25147127648177	41.8667806939206
-7.28311847478366	41.8521270092578
-7.30071224911772	41.8514427558512
-7.3156340744707	41.8423857791054
-7.33919535723718	41.8446380977921
-7.35608934396491	41.8396570720619
-7.36365711124445	41.8522661876194
-7.36710457581032	41.8512345208172
-7.38994055881639	41.8423187892116
-7.39761603409849	41.8266240892623
-7.41573586186294	41.8111422765367
-7.42711670802898	41.8070293965818
-7.42902580767079	41.8116668715397
-7.42390657836117	41.8161991666685
-7.43009192824998	41.8227416191639
-7.42546829948262	41.8306041833511
-7.44395922129093	41.839322174534
-7.44879476263382	41.852555115578
-7.44528450582959	41.8572271631103
-7.45262239422793	41.864684495944
-7.48484774824667	41.8608266805258
-7.49081453802685	41.8709565617881
-7.50196604430085	41.8691840721852
-7.51295980641097	41.8617072602407
-7.50523177968474	41.8500154757751
-7.52092013746966	41.8414550081441
-7.57409519206089	41.8295488733953
-7.59834772843849	41.8333142675893
-7.61086179933545	41.8289589605351
-7.61473398736765	41.8326154892808
-7.61154748339182	41.8467067802411
-7.60609659607931	41.8487165763886
-7.60721131551537	41.8526206895972
-7.60014453866979	41.8604298737749
-7.60185205636184	41.8665446125059
-7.58408975808048	41.8756783674679
-7.58587318341404	41.8818711031982
-7.60759462664711	41.8794815787899
-7.61841034266791	41.8850894995849
-7.62542429857478	41.8799010746366
-7.65387133850852	41.8811984711794
-7.66822093702552	41.8933085757553
-7.67814094287652	41.893237760757
-7.70085143123741	41.9076656141975
-7.73335373585825	41.8922769024678
-7.76350514938055	41.8990042785408
-7.7869310560337	41.8840944771766
-7.84518770052414	41.8812790643322
-7.84151844191462	41.8664749720014
-7.86631742347955	41.8588766771511
-7.872805146293	41.8448547193432
-7.88163262109545	41.8561094650407
-7.89221190053347	41.8595108729981
-7.88477762290516	41.8809203069775
-7.88468940834426	41.9243157908311
-7.90634302877337	41.9270956889946
-7.92125218788085	41.8777911939763
-7.94884241469659	41.8710096748442
-7.97149532104776	41.8763689165243
-7.98769239477808	41.8692157134652
-7.98939461240996	41.8595118096684
-8.00597607525035	41.8470605100121
-8.01405785853546	41.8289922951409
-8.01936357809806	41.8320718558992
-8.03867690754898	41.8299591919682
-8.05735719421919	41.8157062095858
-8.09367491334628	41.8084952659867
-8.10545910307488	41.8120821923985
-8.12976697567399	41.8084767185156
-8.16491913071992	41.8178160633686
-8.16151361747783	41.8601866101487
-8.16594033553491	41.8616598930947
-8.17042086267752	41.8785890039264
-8.19954029160142	41.8735623941558
-8.19738208913132	41.8794467990362
-8.20505963053858	41.8930463124507
-8.21454134836246	41.8974167143018
-8.21683259132613	41.9131671109623
-8.19816559972213	41.9392840919406
-8.17506039162541	41.9546032174617
-8.17653219138691	41.958378615095
-8.16300383270266	41.9751143968633
-8.16329677331681	41.9822497939608
-8.14041255077997	41.9883225557288
-8.12741303030348	42.0049588855383
-8.11466027703553	42.0041499052372
-8.08755172687513	42.0142505072023
-8.08266803583302	42.0356021750709
-8.08786209480579	42.0568178779305
-8.09670843422922	42.0713522188626
-8.11833690183038	42.0816523616872
-8.13754503856154	42.0756195827559
-8.14893064579858	42.0794152063981
-8.17127309438756	42.0672664910534
-8.18213875673815	42.0663986176374
-8.18711641155899	42.0741705102497
-8.18579085752574	42.0965782902638
-8.19301978028011	42.1273501561095
-8.18803053719211	42.1436224598855
-8.1913832294955	42.142723459478
-8.19750587697748	42.1550375957054
-8.20731440190172	42.1406691053824
-8.2223585777964	42.1335395627199
-8.2455335849907	42.1393588719774
-8.25568993759295	42.1357491619533
-8.25905170288071	42.1216506771316
-8.27419622059263	42.1239267857746
-8.30391392749576	42.1038300941327
-8.32322348402249	42.1017006959359
-8.32523741705796	42.0908055815499
-8.33172082795804	42.0848270746153
-8.36503287397598	42.0906538575468
-8.38086370456496	42.0768235840137
-8.39003307816455	42.0749541950667
-8.39329728641246	42.0800330755819
-8.40422699864281	42.0799822034462
-8.42811760379244	42.0717813887371
-8.44318324942241	42.0824739567329
-8.52337594466729	42.0779974915848
-8.52866405725032	42.0740472855505
-8.52532942108414	42.064027276758
-8.54725433272906	42.05388409006
-8.58374192327637	42.0518632093465
-8.59470460367765	42.0569838895209
-8.63894932636639	42.0466337144652
-8.65819393469808	42.0291022011798
-8.65744788385462	42.0180919113183
-8.66448932820919	42.0016387899654
-8.67935842245499	41.9909071732455
-8.71585894874239	41.9804409944589
-8.74680087971472	41.9648236970211
-8.74904657809349	41.941195492161
-8.75740100006733	41.9344525811862
-8.82917261834429	41.8971762660555
-8.85045451590883	41.8768461562088
-8.86450806769074	41.8715227765749